1, 1, 1, 1, 0.479167, 1.5
2, 1, 1, 2, 0.416667, 0.5
3, 1, 1, 3, 0.44270849999999995, 0.5
4, 1, 1, 4, 0.40729150000000003, 1.5
5, 1, 1, 5, 0.41666650000000005, 0.5
6, 1, 1, 6, 0.396875, 0.5
7, 1, 1, 7, 0.359375, 1.5
8, 1, 1, 8, 0.3770835, 0.5
9, 1, 1, 9, 0.358333, 1.0
10, 1, 1, 10, 0.3322915, 0.0
11, 1, 2, 1, 0.46770849999999997, 1.5
12, 1, 2, 2, 0.4125, 0.5
13, 1, 2, 3, 0.452083, 1.0
14, 1, 2, 4, 0.419792, 1.0
15, 1, 2, 5, 0.40625, 1.0
16, 1, 2, 6, 0.39375, 1.5
17, 1, 2, 7, 0.3572915, 1.0
18, 1, 2, 8, 0.37083350000000004, 0.0
19, 1, 2, 9, 0.34375, 1.0
20, 1, 2, 10, 0.34375, 0.5
21, 1, 3, 1, 0.46875, 1.5
22, 1, 3, 2, 0.421875, 1.0
23, 1, 3, 3, 0.436458, 0.5
24, 1, 3, 4, 0.41875, 2.0
25, 1, 3, 5, 0.39895800000000003, 0.0
26, 1, 3, 6, 0.39166650000000003, 0.5
27, 1, 3, 7, 0.3677085, 1.5
28, 1, 3, 8, 0.34375, 1.0
29, 1, 3, 9, 0.338542, 0.5
30, 1, 3, 10, 0.3302085, 1.5
31, 1, 4, 1, 0.45208349999999997, 0.5
32, 1, 4, 2, 0.43645849999999997, 1.0
33, 1, 4, 3, 0.4604165, 0.5
34, 1, 4, 4, 0.42291650000000003, 1.5
35, 1, 4, 5, 0.3989585, 0.5
36, 1, 4, 6, 0.4041665, 0.5
37, 1, 4, 7, 0.365625, 1.0
38, 1, 4, 8, 0.357292, 0.5
39, 1, 4, 9, 0.3375, 0.5
40, 1, 4, 10, 0.3416665, 0.0
41, 1, 5, 1, 0.46041699999999997, 1.0
42, 1, 5, 2, 0.43020800000000003, 2.0
43, 1, 5, 3, 0.4552085, 1.0
44, 1, 5, 4, 0.43645849999999997, 1.0
45, 1, 5, 5, 0.3854165, 2.0
46, 1, 5, 6, 0.3770835, 0.5
47, 1, 5, 7, 0.35, 0.5
48, 1, 5, 8, 0.36041650000000003, 0.5
49, 1, 5, 9, 0.3395835, 1.0
50, 1, 5, 10, 0.303125, 1.0
51, 1, 6, 1, 0.4666665, 1.5
52, 1, 6, 2, 0.43645849999999997, 2.5
53, 1, 6, 3, 0.45729200000000003, 1.5
54, 1, 6, 4, 0.442708, 0.5
55, 1, 6, 5, 0.396875, 0.5
56, 1, 6, 6, 0.38125, 0.5
57, 1, 6, 7, 0.36354200000000003, 1.0
58, 1, 6, 8, 0.352083, 1.0
59, 1, 6, 9, 0.32708349999999997, 2.0
60, 1, 6, 10, 0.3364585, 0.0
61, 1, 7, 1, 0.475, 1.5
62, 1, 7, 2, 0.45, 1.0
63, 1, 7, 3, 0.4510415, 1.5
64, 1, 7, 4, 0.43020800000000003, 1.0
65, 1, 7, 5, 0.41458300000000003, 0.5
66, 1, 7, 6, 0.378125, 1.0
67, 1, 7, 7, 0.3541665, 0.0
68, 1, 7, 8, 0.353125, 0.0
69, 1, 7, 9, 0.33125000000000004, 0.0
70, 1, 7, 10, 0.334375, 0.5
71, 1, 8, 1, 0.4583335, 2.5
72, 1, 8, 2, 0.4458335, 1.0
73, 1, 8, 3, 0.4572915, 1.0
74, 1, 8, 4, 0.427083, 1.0
75, 1, 8, 5, 0.41354199999999997, 1.0
76, 1, 8, 6, 0.380208, 0.5
77, 1, 8, 7, 0.35833349999999997, 0.5
78, 1, 8, 8, 0.3458335, 1.5
79, 1, 8, 9, 0.3489585, 1.0
80, 1, 8, 10, 0.33125, 0.5
81, 1, 9, 1, 0.47083300000000006, 1.0
82, 1, 9, 2, 0.4322915, 1.5
83, 1, 9, 3, 0.44895850000000004, 0.5
84, 1, 9, 4, 0.40729150000000003, 1.5
85, 1, 9, 5, 0.3875, 0.5
86, 1, 9, 6, 0.3666665, 1.0
87, 1, 9, 7, 0.359375, 0.5
88, 1, 9, 8, 0.353125, 0.0
89, 1, 9, 9, 0.34895849999999995, 0.5
90, 1, 9, 10, 0.340625, 0.5
91, 1, 10, 1, 0.47291649999999996, 2.0
92, 1, 10, 2, 0.4552085, 1.0
93, 1, 10, 3, 0.45, 1.0
94, 1, 10, 4, 0.423958, 0.5
95, 1, 10, 5, 0.4010415, 1.5
96, 1, 10, 6, 0.38125, 0.5
97, 1, 10, 7, 0.3614585, 1.0
98, 1, 10, 8, 0.3458335, 1.0
99, 1, 10, 9, 0.357292, 1.0
100, 1, 10, 10, 0.3239585, 1.0
101, 2, 1, 1, 0.5229165, 0.5
102, 2, 1, 2, 0.459375, 0.5
103, 2, 1, 3, 0.4239585, 1.0
104, 2, 1, 4, 0.3802085, 1.0
105, 2, 1, 5, 0.37916649999999996, 1.0
106, 2, 1, 6, 0.327083, 1.0
107, 2, 1, 7, 0.3354165, 0.5
108, 2, 1, 8, 0.3177085, 1.0
109, 2, 1, 9, 0.3125, 2.0
110, 2, 1, 10, 0.30416699999999997, 1.0
111, 2, 2, 1, 0.515625, 1.5
112, 2, 2, 2, 0.451042, 1.5
113, 2, 2, 3, 0.39479149999999996, 0.5
114, 2, 2, 4, 0.3770835, 0.5
115, 2, 2, 5, 0.33125, 1.5
116, 2, 2, 6, 0.3145835, 1.5
117, 2, 2, 7, 0.30104200000000003, 1.5
118, 2, 2, 8, 0.279167, 1.5
119, 2, 2, 9, 0.2989585, 1.5
120, 2, 2, 10, 0.290625, 1.0
121, 2, 3, 1, 0.5125, 1.0
122, 2, 3, 2, 0.46041699999999997, 0.5
123, 2, 3, 3, 0.38125, 1.5
124, 2, 3, 4, 0.36250000000000004, 1.5
125, 2, 3, 5, 0.3322915, 1.5
126, 2, 3, 6, 0.321875, 0.5
127, 2, 3, 7, 0.29375, 0.5
128, 2, 3, 8, 0.2895835, 1.0
129, 2, 3, 9, 0.29583349999999997, 1.0
130, 2, 3, 10, 0.26875, 0.5
131, 2, 4, 1, 0.515625, 1.5
132, 2, 4, 2, 0.44895850000000004, 2.0
133, 2, 4, 3, 0.389583, 1.5
134, 2, 4, 4, 0.3666665, 0.5
135, 2, 4, 5, 0.34375, 0.5
136, 2, 4, 6, 0.31145849999999997, 0.5
137, 2, 4, 7, 0.2989585, 0.5
138, 2, 4, 8, 0.298958, 0.5
139, 2, 4, 9, 0.28229150000000003, 0.5
140, 2, 4, 10, 0.29375, 1.0
141, 2, 5, 1, 0.5145835, 1.0
142, 2, 5, 2, 0.44895799999999997, 1.5
143, 2, 5, 3, 0.395833, 1.0
144, 2, 5, 4, 0.358333, 1.0
145, 2, 5, 5, 0.31145849999999997, 1.5
146, 2, 5, 6, 0.322917, 0.5
147, 2, 5, 7, 0.313542, 1.0
148, 2, 5, 8, 0.297917, 1.0
149, 2, 5, 9, 0.271875, 1.0
150, 2, 5, 10, 0.30104200000000003, 1.0
151, 2, 6, 1, 0.5114585, 1.0
152, 2, 6, 2, 0.44895850000000004, 0.5
153, 2, 6, 3, 0.3989585, 1.0
154, 2, 6, 4, 0.3520835, 0.5
155, 2, 6, 5, 0.3354165, 1.0
156, 2, 6, 6, 0.3177085, 1.5
157, 2, 6, 7, 0.313542, 1.0
158, 2, 6, 8, 0.27812499999999996, 1.5
159, 2, 6, 9, 0.27708350000000004, 2.0
160, 2, 6, 10, 0.290625, 0.5
161, 2, 7, 1, 0.50625, 0.5
162, 2, 7, 2, 0.445833, 1.0
163, 2, 7, 3, 0.396875, 1.0
164, 2, 7, 4, 0.369792, 1.5
165, 2, 7, 5, 0.35520850000000004, 1.0
166, 2, 7, 6, 0.33125, 1.5
167, 2, 7, 7, 0.2989585, 1.0
168, 2, 7, 8, 0.296875, 1.0
169, 2, 7, 9, 0.291667, 0.5
170, 2, 7, 10, 0.29270850000000004, 1.0
171, 2, 8, 1, 0.5083335, 0.5
172, 2, 8, 2, 0.4552085, 0.5
173, 2, 8, 3, 0.4, 1.5
174, 2, 8, 4, 0.36875, 1.5
175, 2, 8, 5, 0.327083, 0.5
176, 2, 8, 6, 0.3166665, 2.0
177, 2, 8, 7, 0.3145835, 1.0
178, 2, 8, 8, 0.290625, 1.0
179, 2, 8, 9, 0.3072915, 1.0
180, 2, 8, 10, 0.2885415, 0.5
181, 2, 9, 1, 0.5135415, 1.0
182, 2, 9, 2, 0.44895799999999997, 0.5
183, 2, 9, 3, 0.4125, 1.0
184, 2, 9, 4, 0.365625, 0.5
185, 2, 9, 5, 0.333333, 1.0
186, 2, 9, 6, 0.309375, 0.5
187, 2, 9, 7, 0.2885415, 0.5
188, 2, 9, 8, 0.28125, 1.0
189, 2, 9, 9, 0.284375, 0.5
190, 2, 9, 10, 0.282292, 1.0
191, 2, 10, 1, 0.5239579999999999, 0.5
192, 2, 10, 2, 0.4302085, 0.5
193, 2, 10, 3, 0.38958349999999997, 1.0
194, 2, 10, 4, 0.34479150000000003, 0.5
195, 2, 10, 5, 0.33958350000000004, 1.5
196, 2, 10, 6, 0.3052085, 1.5
197, 2, 10, 7, 0.315625, 1.5
198, 2, 10, 8, 0.295833, 0.5
199, 2, 10, 9, 0.29791650000000003, 1.5
200, 2, 10, 10, 0.2864585, 2.0
201, 3, 1, 1, 0.515625, 0.0
202, 3, 1, 2, 0.44270849999999995, 1.0
203, 3, 1, 3, 0.3989585, 0.5
204, 3, 1, 4, 0.38020849999999995, 1.0
205, 3, 1, 5, 0.3322915, 0.5
206, 3, 1, 6, 0.2895835, 1.0
207, 3, 1, 7, 0.3041665, 1.0
208, 3, 1, 8, 0.30833350000000004, 1.0
209, 3, 1, 9, 0.28125, 0.5
210, 3, 1, 10, 0.2864585, 0.5
211, 3, 2, 1, 0.5260415, 0.5
212, 3, 2, 2, 0.4416665, 0.5
213, 3, 2, 3, 0.3729165, 0.5
214, 3, 2, 4, 0.328125, 0.5
215, 3, 2, 5, 0.321875, 1.0
216, 3, 2, 6, 0.2875, 1.0
217, 3, 2, 7, 0.28958300000000003, 1.0
218, 3, 2, 8, 0.2875, 0.5
219, 3, 2, 9, 0.2864585, 1.0
220, 3, 2, 10, 0.2833335, 1.0
221, 3, 3, 1, 0.508333, 0.5
222, 3, 3, 2, 0.40625, 0.5
223, 3, 3, 3, 0.37395849999999997, 0.5
224, 3, 3, 4, 0.32916650000000003, 0.5
225, 3, 3, 5, 0.3197915, 1.0
226, 3, 3, 6, 0.305208, 1.0
227, 3, 3, 7, 0.28541700000000003, 1.0
228, 3, 3, 8, 0.3, 1.0
229, 3, 3, 9, 0.2833335, 1.0
230, 3, 3, 10, 0.26875, 1.0
231, 3, 4, 1, 0.5177084999999999, 0.5
232, 3, 4, 2, 0.4197915, 0.5
233, 3, 4, 3, 0.345833, 1.0
234, 3, 4, 4, 0.315625, 1.0
235, 3, 4, 5, 0.29791650000000003, 0.5
236, 3, 4, 6, 0.3, 1.0
237, 3, 4, 7, 0.29270850000000004, 1.0
238, 3, 4, 8, 0.29375, 1.0
239, 3, 4, 9, 0.2739585, 1.0
240, 3, 4, 10, 0.275, 1.0
241, 3, 5, 1, 0.5239579999999999, 0.5
242, 3, 5, 2, 0.40312499999999996, 0.5
243, 3, 5, 3, 0.35208300000000003, 0.5
244, 3, 5, 4, 0.3260415, 0.5
245, 3, 5, 5, 0.296875, 1.0
246, 3, 5, 6, 0.2916665, 1.0
247, 3, 5, 7, 0.28125, 1.0
248, 3, 5, 8, 0.2916665, 1.0
249, 3, 5, 9, 0.2875, 1.5
250, 3, 5, 10, 0.2989585, 1.0
251, 3, 6, 1, 0.515625, 0.5
252, 3, 6, 2, 0.42291650000000003, 0.5
253, 3, 6, 3, 0.35624999999999996, 0.5
254, 3, 6, 4, 0.325, 0.5
255, 3, 6, 5, 0.297917, 1.0
256, 3, 6, 6, 0.2989585, 1.0
257, 3, 6, 7, 0.291667, 1.0
258, 3, 6, 8, 0.30416699999999997, 1.0
259, 3, 6, 9, 0.28125, 1.0
260, 3, 6, 10, 0.2614585, 1.0
261, 3, 7, 1, 0.5020830000000001, 1.5
262, 3, 7, 2, 0.40937500000000004, 0.5
263, 3, 7, 3, 0.380208, 1.5
264, 3, 7, 4, 0.3104165, 0.5
265, 3, 7, 5, 0.307292, 0.5
266, 3, 7, 6, 0.31354150000000003, 1.0
267, 3, 7, 7, 0.30520800000000003, 1.0
268, 3, 7, 8, 0.270833, 1.0
269, 3, 7, 9, 0.2875, 1.0
270, 3, 7, 10, 0.3041665, 1.0
271, 3, 8, 1, 0.5052085, 0.5
272, 3, 8, 2, 0.421875, 0.5
273, 3, 8, 3, 0.35, 0.5
274, 3, 8, 4, 0.3125, 1.0
275, 3, 8, 5, 0.3229165, 1.0
276, 3, 8, 6, 0.28020849999999997, 1.0
277, 3, 8, 7, 0.275, 1.0
278, 3, 8, 8, 0.2885415, 1.0
279, 3, 8, 9, 0.28958300000000003, 1.0
280, 3, 8, 10, 0.26145799999999997, 1.0
281, 3, 9, 1, 0.496875, 0.5
282, 3, 9, 2, 0.408333, 0.5
283, 3, 9, 3, 0.36250000000000004, 1.0
284, 3, 9, 4, 0.34479150000000003, 1.0
285, 3, 9, 5, 0.31354150000000003, 1.0
286, 3, 9, 6, 0.310417, 1.0
287, 3, 9, 7, 0.291667, 1.0
288, 3, 9, 8, 0.2885415, 1.0
289, 3, 9, 9, 0.271875, 1.0
290, 3, 9, 10, 0.278125, 1.0
291, 3, 10, 1, 0.4979165, 0.5
292, 3, 10, 2, 0.4104165, 0.5
293, 3, 10, 3, 0.379167, 0.5
294, 3, 10, 4, 0.3229165, 0.5
295, 3, 10, 5, 0.301042, 0.5
296, 3, 10, 6, 0.29270799999999997, 1.0
297, 3, 10, 7, 0.2916665, 1.0
298, 3, 10, 8, 0.2760415, 1.0
299, 3, 10, 9, 0.2885415, 1.0
300, 3, 10, 10, 0.27395800000000003, 1.0
301, 4, 1, 1, 0.521875, 0.5
302, 4, 1, 2, 0.47187500000000004, 1.5
303, 4, 1, 3, 0.3854165, 0.5
304, 4, 1, 4, 0.34479150000000003, 1.5
305, 4, 1, 5, 0.3291665, 1.5
306, 4, 1, 6, 0.2989585, 1.0
307, 4, 1, 7, 0.291667, 1.0
308, 4, 1, 8, 0.28437500000000004, 1.0
309, 4, 1, 9, 0.296875, 1.5
310, 4, 1, 10, 0.2895835, 0.5
311, 4, 2, 1, 0.465625, 0.5
312, 4, 2, 2, 0.40625, 0.5
313, 4, 2, 3, 0.34791700000000003, 0.5
314, 4, 2, 4, 0.3197915, 1.5
315, 4, 2, 5, 0.31666700000000003, 1.0
316, 4, 2, 6, 0.30625, 1.0
317, 4, 2, 7, 0.2916665, 1.0
318, 4, 2, 8, 0.3020835, 1.0
319, 4, 2, 9, 0.2833335, 1.0
320, 4, 2, 10, 0.303125, 1.0
321, 4, 3, 1, 0.4614585, 0.5
322, 4, 3, 2, 0.3802085, 0.5
323, 4, 3, 3, 0.3375, 0.5
324, 4, 3, 4, 0.3145835, 1.0
325, 4, 3, 5, 0.3177085, 1.0
326, 4, 3, 6, 0.30833350000000004, 1.0
327, 4, 3, 7, 0.2833335, 1.0
328, 4, 3, 8, 0.28541700000000003, 1.0
329, 4, 3, 9, 0.290625, 1.0
330, 4, 3, 10, 0.2760415, 1.0
331, 4, 4, 1, 0.454167, 0.5
332, 4, 4, 2, 0.3958335, 0.5
333, 4, 4, 3, 0.35104199999999997, 0.5
334, 4, 4, 4, 0.32916650000000003, 1.0
335, 4, 4, 5, 0.3197915, 1.0
336, 4, 4, 6, 0.30416699999999997, 1.0
337, 4, 4, 7, 0.30833350000000004, 1.0
338, 4, 4, 8, 0.309375, 1.0
339, 4, 4, 9, 0.30104200000000003, 1.0
340, 4, 4, 10, 0.31145849999999997, 1.0
341, 4, 5, 1, 0.4479165, 0.5
342, 4, 5, 2, 0.38125, 0.5
343, 4, 5, 3, 0.34583299999999995, 0.5
344, 4, 5, 4, 0.328125, 0.5
345, 4, 5, 5, 0.3229165, 1.5
346, 4, 5, 6, 0.296875, 1.0
347, 4, 5, 7, 0.2864585, 1.0
348, 4, 5, 8, 0.325, 1.0
349, 4, 5, 9, 0.29375, 1.0
350, 4, 5, 10, 0.27395800000000003, 1.0
351, 4, 6, 1, 0.46875, 0.5
352, 4, 6, 2, 0.390625, 0.5
353, 4, 6, 3, 0.3416665, 0.5
354, 4, 6, 4, 0.3333335, 1.0
355, 4, 6, 5, 0.31145849999999997, 1.0
356, 4, 6, 6, 0.296875, 1.0
357, 4, 6, 7, 0.3, 1.0
358, 4, 6, 8, 0.31145849999999997, 1.0
359, 4, 6, 9, 0.28125, 1.0
360, 4, 6, 10, 0.296875, 1.0
361, 4, 7, 1, 0.4635415, 0.5
362, 4, 7, 2, 0.391667, 1.0
363, 4, 7, 3, 0.33958299999999997, 1.5
364, 4, 7, 4, 0.3125, 1.0
365, 4, 7, 5, 0.3197915, 1.0
366, 4, 7, 6, 0.3010415, 1.0
367, 4, 7, 7, 0.30937499999999996, 1.0
368, 4, 7, 8, 0.2875, 1.0
369, 4, 7, 9, 0.2875, 1.0
370, 4, 7, 10, 0.2864585, 1.0
371, 4, 8, 1, 0.465625, 0.5
372, 4, 8, 2, 0.385417, 1.0
373, 4, 8, 3, 0.3333335, 1.0
374, 4, 8, 4, 0.3302085, 0.5
375, 4, 8, 5, 0.30833299999999997, 0.5
376, 4, 8, 6, 0.3145835, 0.5
377, 4, 8, 7, 0.290625, 1.0
378, 4, 8, 8, 0.29375, 1.0
379, 4, 8, 9, 0.294792, 0.5
380, 4, 8, 10, 0.28125, 1.0
381, 4, 9, 1, 0.46354149999999994, 0.5
382, 4, 9, 2, 0.37916700000000003, 0.5
383, 4, 9, 3, 0.346875, 1.0
384, 4, 9, 4, 0.3208335, 0.5
385, 4, 9, 5, 0.3020835, 1.0
386, 4, 9, 6, 0.30104149999999996, 1.0
387, 4, 9, 7, 0.301042, 1.0
388, 4, 9, 8, 0.29375, 1.0
389, 4, 9, 9, 0.3041665, 1.0
390, 4, 9, 10, 0.30104149999999996, 1.0
391, 4, 10, 1, 0.43854150000000003, 0.5
392, 4, 10, 2, 0.37916700000000003, 0.5
393, 4, 10, 3, 0.3458335, 1.0
394, 4, 10, 4, 0.3177085, 0.5
395, 4, 10, 5, 0.31666649999999996, 1.5
396, 4, 10, 6, 0.309375, 1.0
397, 4, 10, 7, 0.2947915, 1.0
398, 4, 10, 8, 0.309375, 1.0
399, 4, 10, 9, 0.295833, 1.0
400, 4, 10, 10, 0.29583349999999997, 1.0
401, 5, 1, 1, 0.519833, 1.0
402, 5, 1, 2, 0.4498955, 1.0
403, 5, 1, 3, 0.42066800000000004, 0.5
404, 5, 1, 4, 0.37891400000000003, 0.5
405, 5, 1, 5, 0.35908149999999994, 0.5
406, 5, 1, 6, 0.3455115, 2.0
407, 5, 1, 7, 0.326722, 0.5
408, 5, 1, 8, 0.32881, 0.5
409, 5, 1, 9, 0.310021, 0.5
410, 5, 1, 10, 0.3048015, 1.0
411, 5, 2, 1, 0.491649, 0.5
412, 5, 2, 2, 0.43110649999999995, 0.5
413, 5, 2, 3, 0.368476, 1.5
414, 5, 2, 4, 0.35699400000000003, 0.5
415, 5, 2, 5, 0.33507299999999995, 0.5
416, 5, 2, 6, 0.327766, 1.0
417, 5, 2, 7, 0.3288105, 1.0
418, 5, 2, 8, 0.3235905, 1.0
419, 5, 2, 9, 0.3131525, 1.0
420, 5, 2, 10, 0.316284, 1.0
421, 5, 3, 1, 0.493737, 0.5
422, 5, 3, 2, 0.3768265, 0.5
423, 5, 3, 3, 0.35595, 0.5
424, 5, 3, 4, 0.350731, 0.5
425, 5, 3, 5, 0.34238, 0.5
426, 5, 3, 6, 0.31106500000000004, 1.0
427, 5, 3, 7, 0.3308975, 1.0
428, 5, 3, 8, 0.305846, 1.0
429, 5, 3, 9, 0.33089749999999996, 1.0
430, 5, 3, 10, 0.3194155, 1.0
431, 5, 4, 1, 0.5, 0.5
432, 5, 4, 2, 0.39665950000000005, 0.5
433, 5, 4, 3, 0.3434235, 0.5
434, 5, 4, 4, 0.33716100000000004, 0.5
435, 5, 4, 5, 0.330898, 0.5
436, 5, 4, 6, 0.3173275, 1.0
437, 5, 4, 7, 0.32985400000000004, 0.5
438, 5, 4, 8, 0.312109, 1.0
439, 5, 4, 9, 0.327766, 1.0
440, 5, 4, 10, 0.306889, 1.0
441, 5, 5, 1, 0.493737, 0.5
442, 5, 5, 2, 0.40709799999999996, 0.5
443, 5, 5, 3, 0.3705635, 0.5
444, 5, 5, 4, 0.33716100000000004, 0.5
445, 5, 5, 5, 0.334029, 0.5
446, 5, 5, 6, 0.3382045, 1.0
447, 5, 5, 7, 0.3267225, 0.5
448, 5, 5, 8, 0.3371605, 1.0
449, 5, 5, 9, 0.330898, 1.0
450, 5, 5, 10, 0.3162835, 1.0
451, 5, 6, 1, 0.505219, 0.5
452, 5, 6, 2, 0.386221, 0.5
453, 5, 6, 3, 0.3841335, 0.5
454, 5, 6, 4, 0.36012500000000003, 0.5
455, 5, 6, 5, 0.337161, 0.5
456, 5, 6, 6, 0.3319415, 0.5
457, 5, 6, 7, 0.3319415, 1.0
458, 5, 6, 8, 0.32985400000000004, 1.0
459, 5, 6, 9, 0.32254700000000003, 1.0
460, 5, 6, 10, 0.3256785, 1.0
461, 5, 7, 1, 0.493737, 0.5
462, 5, 7, 2, 0.4050105, 0.5
463, 5, 7, 3, 0.37160750000000004, 0.5
464, 5, 7, 4, 0.3569935, 1.0
465, 5, 7, 5, 0.340292, 1.0
466, 5, 7, 6, 0.314196, 1.0
467, 5, 7, 7, 0.3246345, 1.0
468, 5, 7, 8, 0.317328, 1.0
469, 5, 7, 9, 0.3183715, 1.0
470, 5, 7, 10, 0.327766, 1.0
471, 5, 8, 1, 0.492693, 1.5
472, 5, 8, 2, 0.39144049999999997, 1.0
473, 5, 8, 3, 0.3674325, 0.5
474, 5, 8, 4, 0.3392485, 0.5
475, 5, 8, 5, 0.3402925, 0.5
476, 5, 8, 6, 0.316284, 1.0
477, 5, 8, 7, 0.3204595, 1.0
478, 5, 8, 8, 0.316284, 1.0
479, 5, 8, 9, 0.317328, 0.5
480, 5, 8, 10, 0.310021, 1.0
481, 5, 9, 1, 0.5093945, 0.5
482, 5, 9, 2, 0.3977035, 0.5
483, 5, 9, 3, 0.356994, 0.5
484, 5, 9, 4, 0.3475995, 0.5
485, 5, 9, 5, 0.34238, 0.5
486, 5, 9, 6, 0.321503, 0.5
487, 5, 9, 7, 0.3204595, 0.5
488, 5, 9, 8, 0.31523999999999996, 1.0
489, 5, 9, 9, 0.327766, 1.0
490, 5, 9, 10, 0.321503, 1.0
491, 5, 10, 1, 0.4707725, 0.5
492, 5, 10, 2, 0.3924845, 0.5
493, 5, 10, 3, 0.35595, 0.5
494, 5, 10, 4, 0.3507305, 0.5
495, 5, 10, 5, 0.3246345, 0.5
496, 5, 10, 6, 0.32567850000000004, 0.5
497, 5, 10, 7, 0.3235905, 1.0
498, 5, 10, 8, 0.32359099999999996, 1.0
499, 5, 10, 9, 0.31210899999999997, 1.0
500, 5, 10, 10, 0.317328, 1.0
501, 6, 1, 1, 0.5114825, 0.5
502, 6, 1, 2, 0.44154499999999997, 1.0
503, 6, 1, 3, 0.37995799999999996, 0.5
504, 6, 1, 4, 0.3966595, 1.0
505, 6, 1, 5, 0.3580375, 0.5
506, 6, 1, 6, 0.33611650000000004, 0.5
507, 6, 1, 7, 0.3194155, 1.0
508, 6, 1, 8, 0.3319415, 0.5
509, 6, 1, 9, 0.308977, 0.5
510, 6, 1, 10, 0.30793349999999997, 1.0
511, 6, 2, 1, 0.51357, 0.5
512, 6, 2, 2, 0.4050105, 1.0
513, 6, 2, 3, 0.3695195, 0.5
514, 6, 2, 4, 0.3507305, 0.5
515, 6, 2, 5, 0.33716100000000004, 0.5
516, 6, 2, 6, 0.324635, 0.5
517, 6, 2, 7, 0.32254700000000003, 1.0
518, 6, 2, 8, 0.326722, 1.0
519, 6, 2, 9, 0.30793349999999997, 1.0
520, 6, 2, 10, 0.317328, 1.0
521, 6, 3, 1, 0.501044, 0.5
522, 6, 3, 2, 0.38726499999999997, 0.5
523, 6, 3, 3, 0.347599, 0.5
524, 6, 3, 4, 0.34029200000000004, 1.0
525, 6, 3, 5, 0.3308975, 0.5
526, 6, 3, 6, 0.336117, 1.0
527, 6, 3, 7, 0.3361165, 0.5
528, 6, 3, 8, 0.32359099999999996, 1.0
529, 6, 3, 9, 0.32254700000000003, 0.5
530, 6, 3, 10, 0.308977, 1.0
531, 6, 4, 1, 0.48956199999999994, 0.5
532, 6, 4, 2, 0.40292249999999996, 0.5
533, 6, 4, 3, 0.35594950000000003, 0.5
534, 6, 4, 4, 0.35281850000000003, 0.5
535, 6, 4, 5, 0.336117, 0.5
536, 6, 4, 6, 0.34238, 1.0
537, 6, 4, 7, 0.3319415, 1.0
538, 6, 4, 8, 0.3298535, 1.0
539, 6, 4, 9, 0.3194155, 1.0
540, 6, 4, 10, 0.308977, 1.0
541, 6, 5, 1, 0.47912299999999997, 0.5
542, 6, 5, 2, 0.4039665, 0.5
543, 6, 5, 3, 0.3851775, 0.5
544, 6, 5, 4, 0.3382045, 0.5
545, 6, 5, 5, 0.3329855, 0.5
546, 6, 5, 6, 0.31524, 1.0
547, 6, 5, 7, 0.3340295, 0.5
548, 6, 5, 8, 0.3382045, 0.5
549, 6, 5, 9, 0.3141965, 1.0
550, 6, 5, 10, 0.310021, 1.0
551, 6, 6, 1, 0.4906055, 0.5
552, 6, 6, 2, 0.3977035, 0.5
553, 6, 6, 3, 0.350731, 0.5
554, 6, 6, 4, 0.34759949999999995, 0.5
555, 6, 6, 5, 0.32881, 1.0
556, 6, 6, 6, 0.327766, 1.0
557, 6, 6, 7, 0.32254700000000003, 1.0
558, 6, 6, 8, 0.321503, 0.5
559, 6, 6, 9, 0.3319415, 1.0
560, 6, 6, 10, 0.32254700000000003, 1.0
561, 6, 7, 1, 0.47285999999999995, 0.5
562, 6, 7, 2, 0.388309, 0.5
563, 6, 7, 3, 0.34238, 0.5
564, 6, 7, 4, 0.36638800000000005, 0.5
565, 6, 7, 5, 0.32776649999999996, 1.0
566, 6, 7, 6, 0.33507299999999995, 1.0
567, 6, 7, 7, 0.320459, 1.0
568, 6, 7, 8, 0.32776649999999996, 1.0
569, 6, 7, 9, 0.34551149999999997, 1.0
570, 6, 7, 10, 0.316284, 1.0
571, 6, 8, 1, 0.5010435, 0.5
572, 6, 8, 2, 0.41023, 0.5
573, 6, 8, 3, 0.361169, 0.5
574, 6, 8, 4, 0.3580375, 0.5
575, 6, 8, 5, 0.32254700000000003, 0.5
576, 6, 8, 6, 0.3256785, 1.0
577, 6, 8, 7, 0.3267225, 1.0
578, 6, 8, 8, 0.3204595, 1.0
579, 6, 8, 9, 0.310021, 0.5
580, 6, 8, 10, 0.3141965, 1.0
581, 6, 9, 1, 0.48747399999999996, 0.5
582, 6, 9, 2, 0.408142, 0.5
583, 6, 9, 3, 0.36325650000000004, 0.5
584, 6, 9, 4, 0.35490600000000005, 0.5
585, 6, 9, 5, 0.33402950000000003, 1.0
586, 6, 9, 6, 0.33507299999999995, 0.5
587, 6, 9, 7, 0.33924849999999995, 0.5
588, 6, 9, 8, 0.335073, 1.0
589, 6, 9, 9, 0.323591, 1.0
590, 6, 9, 10, 0.31837150000000003, 1.0
591, 6, 10, 1, 0.488518, 0.5
592, 6, 10, 2, 0.3862215, 0.5
593, 6, 10, 3, 0.35595, 0.5
594, 6, 10, 4, 0.3256785, 1.0
595, 6, 10, 5, 0.321503, 0.5
596, 6, 10, 6, 0.3246345, 0.5
597, 6, 10, 7, 0.32881, 1.0
598, 6, 10, 8, 0.308977, 1.0
599, 6, 10, 9, 0.3194155, 1.0
600, 6, 10, 10, 0.3141965, 1.0
601, 7, 1, 1, 0.4874475, 1.0
602, 7, 1, 2, 0.41318, 0.5
603, 7, 1, 3, 0.359833, 0.0
604, 7, 1, 4, 0.35878699999999997, 0.5
605, 7, 1, 5, 0.35251049999999995, 0.5
606, 7, 1, 6, 0.324268, 0.5
607, 7, 1, 7, 0.328452, 0.5
608, 7, 1, 8, 0.33159, 0.5
609, 7, 1, 9, 0.327406, 0.5
610, 7, 1, 10, 0.32531350000000003, 0.5
611, 7, 2, 1, 0.504184, 0.5
612, 7, 2, 2, 0.41318, 0.5
613, 7, 2, 3, 0.378661, 0.0
614, 7, 2, 4, 0.3546025, 0.5
615, 7, 2, 5, 0.3274055, 0.5
616, 7, 2, 6, 0.3430965, 0.5
617, 7, 2, 7, 0.32008349999999997, 0.5
618, 7, 2, 8, 0.32635949999999997, 1.0
619, 7, 2, 9, 0.334728, 0.5
620, 7, 2, 10, 0.33682, 1.0
621, 7, 3, 1, 0.496862, 0.5
622, 7, 3, 2, 0.408996, 0.5
623, 7, 3, 3, 0.369247, 0.5
624, 7, 3, 4, 0.3514645, 0.5
625, 7, 3, 5, 0.34205, 0.5
626, 7, 3, 6, 0.333682, 1.0
627, 7, 3, 7, 0.335774, 0.5
628, 7, 3, 8, 0.332636, 0.5
629, 7, 3, 9, 0.32845199999999997, 0.5
630, 7, 3, 10, 0.3326355, 1.0
631, 7, 4, 1, 0.4905855, 0.5
632, 7, 4, 2, 0.4006275, 0.5
633, 7, 4, 3, 0.354603, 0.5
634, 7, 4, 4, 0.332636, 0.5
635, 7, 4, 5, 0.34937250000000003, 0.5
636, 7, 4, 6, 0.3504185, 0.5
637, 7, 4, 7, 0.33682, 0.5
638, 7, 4, 8, 0.3232215, 0.5
639, 7, 4, 9, 0.3294975, 1.0
640, 7, 4, 10, 0.31171550000000003, 1.0
641, 7, 5, 1, 0.48430999999999996, 0.5
642, 7, 5, 2, 0.3859835, 0.5
643, 7, 5, 3, 0.35669449999999997, 0.5
644, 7, 5, 4, 0.348326, 0.5
645, 7, 5, 5, 0.3462345, 0.5
646, 7, 5, 6, 0.3158995, 0.5
647, 7, 5, 7, 0.3305435, 0.5
648, 7, 5, 8, 0.333682, 1.0
649, 7, 5, 9, 0.3232215, 1.0
650, 7, 5, 10, 0.3232215, 0.5
651, 7, 6, 1, 0.49477000000000004, 0.5
652, 7, 6, 2, 0.377615, 0.5
653, 7, 6, 3, 0.377615, 0.5
654, 7, 6, 4, 0.345188, 0.5
655, 7, 6, 5, 0.344142, 0.5
656, 7, 6, 6, 0.338912, 0.5
657, 7, 6, 7, 0.3190375, 0.5
658, 7, 6, 8, 0.32635949999999997, 1.0
659, 7, 6, 9, 0.32740600000000003, 1.0
660, 7, 6, 10, 0.34205, 0.5
661, 7, 7, 1, 0.5188284999999999, 0.5
662, 7, 7, 2, 0.3943515, 0.5
663, 7, 7, 3, 0.359833, 0.5
664, 7, 7, 4, 0.329498, 0.5
665, 7, 7, 5, 0.3598325, 0.5
666, 7, 7, 6, 0.33159, 1.0
667, 7, 7, 7, 0.3211295, 0.5
668, 7, 7, 8, 0.3211295, 0.5
669, 7, 7, 9, 0.33159, 1.0
670, 7, 7, 10, 0.3179915, 1.0
671, 7, 8, 1, 0.5052300000000001, 0.5
672, 7, 8, 2, 0.41422600000000004, 0.5
673, 7, 8, 3, 0.3525105, 0.5
674, 7, 8, 4, 0.3420505, 0.5
675, 7, 8, 5, 0.341004, 0.5
676, 7, 8, 6, 0.32845199999999997, 1.0
677, 7, 8, 7, 0.32008400000000004, 1.0
678, 7, 8, 8, 0.33682, 1.0
679, 7, 8, 9, 0.3221755, 0.5
680, 7, 8, 10, 0.32531350000000003, 0.5
681, 7, 9, 1, 0.5062765, 0.5
682, 7, 9, 2, 0.3943515, 0.5
683, 7, 9, 3, 0.3671545, 0.5
684, 7, 9, 4, 0.3546025, 0.5
685, 7, 9, 5, 0.337866, 0.5
686, 7, 9, 6, 0.33682, 0.5
687, 7, 9, 7, 0.3263595, 0.5
688, 7, 9, 8, 0.343096, 1.0
689, 7, 9, 9, 0.324268, 0.5
690, 7, 9, 10, 0.3158995, 0.5
691, 7, 10, 1, 0.498954, 0.5
692, 7, 10, 2, 0.39748950000000005, 0.5
693, 7, 10, 3, 0.3577405, 0.5
694, 7, 10, 4, 0.350418, 0.5
695, 7, 10, 5, 0.350418, 0.5
696, 7, 10, 6, 0.3127615, 1.0
697, 7, 10, 7, 0.3253135, 0.5
698, 7, 10, 8, 0.3190375, 1.0
699, 7, 10, 9, 0.3274055, 1.0
700, 7, 10, 10, 0.327406, 0.5
701, 8, 1, 1, 0.5262055, 0.5
702, 8, 1, 2, 0.4412995, 1.0
703, 8, 1, 3, 0.40356400000000003, 1.0
704, 8, 1, 4, 0.39727500000000004, 1.0
705, 8, 1, 5, 0.37526250000000005, 1.0
706, 8, 1, 6, 0.37631000000000003, 0.5
707, 8, 1, 7, 0.35849050000000005, 1.0
708, 8, 1, 8, 0.354298, 1.0
709, 8, 1, 9, 0.36687600000000004, 0.5
710, 8, 1, 10, 0.3721175, 0.5
711, 8, 2, 1, 0.491614, 0.5
712, 8, 2, 2, 0.42662500000000003, 0.5
713, 8, 2, 3, 0.4035635, 0.5
714, 8, 2, 4, 0.3888885, 0.5
715, 8, 2, 5, 0.3626835, 0.5
716, 8, 2, 6, 0.350105, 1.0
717, 8, 2, 7, 0.33962250000000005, 0.5
718, 8, 2, 8, 0.36373200000000006, 1.0
719, 8, 2, 9, 0.350105, 1.0
720, 8, 2, 10, 0.352201, 1.0
721, 8, 3, 1, 0.4895175, 0.5
722, 8, 3, 2, 0.40670850000000003, 0.5
723, 8, 3, 3, 0.379455, 0.5
724, 8, 3, 4, 0.3763105, 0.5
725, 8, 3, 5, 0.36687650000000005, 0.5
726, 8, 3, 6, 0.34696000000000005, 0.5
727, 8, 3, 7, 0.3532495, 1.0
728, 8, 3, 8, 0.341719, 1.0
729, 8, 3, 9, 0.3511535, 1.0
730, 8, 3, 10, 0.35953900000000005, 1.0
731, 8, 4, 1, 0.4979035, 0.5
732, 8, 4, 2, 0.40251600000000004, 0.5
733, 8, 4, 3, 0.36687650000000005, 0.5
734, 8, 4, 4, 0.3763105, 0.5
735, 8, 4, 5, 0.34800850000000005, 0.5
736, 8, 4, 6, 0.35115300000000005, 0.5
737, 8, 4, 7, 0.3658285, 1.0
738, 8, 4, 8, 0.3616355, 1.0
739, 8, 4, 9, 0.35429750000000004, 1.0
740, 8, 4, 10, 0.34381550000000005, 1.0
741, 8, 5, 1, 0.48847, 0.5
742, 8, 5, 2, 0.419287, 0.5
743, 8, 5, 3, 0.37421400000000005, 0.5
744, 8, 5, 4, 0.37106900000000004, 0.5
745, 8, 5, 5, 0.36792450000000004, 0.5
746, 8, 5, 6, 0.36582800000000004, 0.5
747, 8, 5, 7, 0.35639450000000006, 0.5
748, 8, 5, 8, 0.35534600000000005, 1.0
749, 8, 5, 9, 0.35220150000000006, 1.0
750, 8, 5, 10, 0.34486399999999995, 1.0
751, 8, 6, 1, 0.4968555, 0.5
752, 8, 6, 2, 0.402516, 0.5
753, 8, 6, 3, 0.39203350000000003, 0.5
754, 8, 6, 4, 0.383648, 0.5
755, 8, 6, 5, 0.3679245, 0.5
756, 8, 6, 6, 0.3385745, 1.0
757, 8, 6, 7, 0.358491, 1.0
758, 8, 6, 8, 0.354298, 0.5
759, 8, 6, 9, 0.341719, 1.0
760, 8, 6, 10, 0.337526, 1.0
761, 8, 7, 1, 0.4654085, 0.5
762, 8, 7, 2, 0.42348, 0.5
763, 8, 7, 3, 0.379455, 0.5
764, 8, 7, 4, 0.36268350000000005, 0.5
765, 8, 7, 5, 0.34800850000000005, 0.5
766, 8, 7, 6, 0.35849050000000005, 1.0
767, 8, 7, 7, 0.3448635, 0.5
768, 8, 7, 8, 0.3448635, 1.0
769, 8, 7, 9, 0.3511535, 1.0
770, 8, 7, 10, 0.34171949999999995, 1.0
771, 8, 8, 1, 0.4968555, 0.5
772, 8, 8, 2, 0.412998, 0.5
773, 8, 8, 3, 0.37316550000000004, 0.5
774, 8, 8, 4, 0.36163500000000004, 0.5
775, 8, 8, 5, 0.36163500000000004, 0.5
776, 8, 8, 6, 0.36268350000000005, 1.0
777, 8, 8, 7, 0.341719, 1.0
778, 8, 8, 8, 0.3490565, 1.0
779, 8, 8, 9, 0.34381550000000005, 1.0
780, 8, 8, 10, 0.360587, 1.0
781, 8, 9, 1, 0.480084, 0.5
782, 8, 9, 2, 0.418239, 0.5
783, 8, 9, 3, 0.3721175, 0.5
784, 8, 9, 4, 0.36687650000000005, 0.5
785, 8, 9, 5, 0.34381549999999994, 1.0
786, 8, 9, 6, 0.35953900000000005, 0.5
787, 8, 9, 7, 0.350105, 1.0
788, 8, 9, 8, 0.34696000000000005, 1.0
789, 8, 9, 9, 0.345912, 1.0
790, 8, 9, 10, 0.35744200000000004, 1.0
791, 8, 10, 1, 0.496855, 0.5
792, 8, 10, 2, 0.41299800000000003, 0.5
793, 8, 10, 3, 0.39308200000000004, 0.5
794, 8, 10, 4, 0.379455, 0.5
795, 8, 10, 5, 0.35115300000000005, 0.5
796, 8, 10, 6, 0.35639450000000006, 0.5
797, 8, 10, 7, 0.3574425, 1.0
798, 8, 10, 8, 0.3427675, 0.5
799, 8, 10, 9, 0.354298, 1.0
800, 8, 10, 10, 0.34905699999999995, 1.0
801, 9, 1, 1, 0.5303985, 0.5
802, 9, 1, 2, 0.4308175, 1.0
803, 9, 1, 3, 0.37840650000000003, 0.0
804, 9, 1, 4, 0.3333335, 0.0
805, 9, 1, 5, 0.33647800000000005, 0.0
806, 9, 1, 6, 0.34067099999999995, 0.5
807, 9, 1, 7, 0.34067100000000006, 0.5
808, 9, 1, 8, 0.325996, 0.0
809, 9, 1, 9, 0.33962250000000005, 0.5
810, 9, 1, 10, 0.34381550000000005, 0.5
811, 9, 2, 1, 0.5010485, 0.5
812, 9, 2, 2, 0.412998, 0.5
813, 9, 2, 3, 0.39308150000000003, 0.5
814, 9, 2, 4, 0.3238995, 0.0
815, 9, 2, 5, 0.354298, 0.5
816, 9, 2, 6, 0.34171949999999995, 0.5
817, 9, 2, 7, 0.33962250000000005, 0.5
818, 9, 2, 8, 0.35220149999999995, 0.5
819, 9, 2, 9, 0.340671, 0.5
820, 9, 2, 10, 0.34696000000000005, 0.5
821, 9, 3, 1, 0.47065, 0.5
822, 9, 3, 2, 0.40041950000000004, 0.5
823, 9, 3, 3, 0.38364750000000003, 0.5
824, 9, 3, 4, 0.360587, 0.5
825, 9, 3, 5, 0.34486399999999995, 0.5
826, 9, 3, 6, 0.3490565, 0.5
827, 9, 3, 7, 0.339623, 0.5
828, 9, 3, 8, 0.3333335, 0.5
829, 9, 3, 9, 0.3448635, 0.5
830, 9, 3, 10, 0.3343815, 0.5
831, 9, 4, 1, 0.479036, 0.5
832, 9, 4, 2, 0.40566, 0.5
833, 9, 4, 3, 0.37421400000000005, 0.5
834, 9, 4, 4, 0.35534600000000005, 0.5
835, 9, 4, 5, 0.35849050000000005, 0.5
836, 9, 4, 6, 0.34381550000000005, 0.5
837, 9, 4, 7, 0.331237, 0.5
838, 9, 4, 8, 0.327044, 0.5
839, 9, 4, 9, 0.33228500000000005, 0.5
840, 9, 4, 10, 0.331237, 0.5
841, 9, 5, 1, 0.467505, 0.5
842, 9, 5, 2, 0.39937100000000003, 0.5
843, 9, 5, 3, 0.37106900000000004, 0.5
844, 9, 5, 4, 0.34067100000000006, 0.5
845, 9, 5, 5, 0.337526, 0.5
846, 9, 5, 6, 0.34800849999999994, 0.5
847, 9, 5, 7, 0.341719, 0.5
848, 9, 5, 8, 0.3448635, 0.5
849, 9, 5, 9, 0.35115300000000005, 0.5
850, 9, 5, 10, 0.3312365, 0.5
851, 9, 6, 1, 0.471698, 0.5
852, 9, 6, 2, 0.41195000000000004, 0.5
853, 9, 6, 3, 0.37211700000000003, 0.5
854, 9, 6, 4, 0.34800850000000005, 0.5
855, 9, 6, 5, 0.3574425, 0.5
856, 9, 6, 6, 0.3301885, 0.5
857, 9, 6, 7, 0.336478, 0.5
858, 9, 6, 8, 0.3280925, 0.5
859, 9, 6, 9, 0.345912, 0.5
860, 9, 6, 10, 0.3238995, 0.5
861, 9, 7, 1, 0.4863735, 0.5
862, 9, 7, 2, 0.3983225, 0.5
863, 9, 7, 3, 0.35534600000000005, 0.5
864, 9, 7, 4, 0.35220100000000004, 0.5
865, 9, 7, 5, 0.35534600000000005, 0.5
866, 9, 7, 6, 0.334382, 0.5
867, 9, 7, 7, 0.337526, 0.5
868, 9, 7, 8, 0.33962250000000005, 0.5
869, 9, 7, 9, 0.345912, 0.5
870, 9, 7, 10, 0.332285, 0.5
871, 9, 8, 1, 0.4874215, 0.5
872, 9, 8, 2, 0.3867925, 0.5
873, 9, 8, 3, 0.3658285, 0.5
874, 9, 8, 4, 0.34381550000000005, 0.5
875, 9, 8, 5, 0.33333349999999995, 0.5
876, 9, 8, 6, 0.336478, 0.5
877, 9, 8, 7, 0.340671, 0.5
878, 9, 8, 8, 0.33333349999999995, 0.5
879, 9, 8, 9, 0.341719, 0.5
880, 9, 8, 10, 0.3291405, 0.5
881, 9, 9, 1, 0.4989515, 0.5
882, 9, 9, 2, 0.40566, 0.5
883, 9, 9, 3, 0.36268350000000005, 0.5
884, 9, 9, 4, 0.34800850000000005, 0.5
885, 9, 9, 5, 0.35534600000000005, 0.5
886, 9, 9, 6, 0.34591150000000004, 0.5
887, 9, 9, 7, 0.3385745, 0.5
888, 9, 9, 8, 0.34067099999999995, 0.5
889, 9, 9, 9, 0.34800849999999994, 0.5
890, 9, 9, 10, 0.327044, 0.5
891, 9, 10, 1, 0.4790355, 0.5
892, 9, 10, 2, 0.37840650000000003, 0.5
893, 9, 10, 3, 0.37735850000000004, 0.5
894, 9, 10, 4, 0.356394, 0.5
895, 9, 10, 5, 0.34905699999999995, 0.5
896, 9, 10, 6, 0.3448635, 0.5
897, 9, 10, 7, 0.3490565, 0.5
898, 9, 10, 8, 0.34905699999999995, 0.5
899, 9, 10, 9, 0.34067100000000006, 0.5
900, 9, 10, 10, 0.33333349999999995, 0.5
901, 10, 1, 1, 0.553684, 1.0
902, 10, 1, 2, 0.417895, 0.0
903, 10, 1, 3, 0.38631550000000003, 0.0
904, 10, 1, 4, 0.374737, 0.0
905, 10, 1, 5, 0.35684249999999995, 0.0
906, 10, 1, 6, 0.356842, 0.0
907, 10, 1, 7, 0.3610525, 0.0
908, 10, 1, 8, 0.35473699999999997, 0.0
909, 10, 1, 9, 0.34421050000000003, 0.0
910, 10, 1, 10, 0.376842, 0.5
911, 10, 2, 1, 0.5652630000000001, 0.5
912, 10, 2, 2, 0.41684200000000005, 0.0
913, 10, 2, 3, 0.39368400000000003, 0.0
914, 10, 2, 4, 0.388421, 0.0
915, 10, 2, 5, 0.3642105, 0.0
916, 10, 2, 6, 0.38, 0.5
917, 10, 2, 7, 0.388421, 0.5
918, 10, 2, 8, 0.345263, 0.0
919, 10, 2, 9, 0.395789, 0.5
920, 10, 2, 10, 0.38, 0.5
921, 10, 3, 1, 0.551579, 0.5
922, 10, 3, 2, 0.4547365, 0.5
923, 10, 3, 3, 0.43052650000000003, 0.5
924, 10, 3, 4, 0.41684200000000005, 0.5
925, 10, 3, 5, 0.401053, 0.5
926, 10, 3, 6, 0.383158, 0.5
927, 10, 3, 7, 0.3936845, 0.5
928, 10, 3, 8, 0.3873685, 0.5
929, 10, 3, 9, 0.3968425, 0.5
930, 10, 3, 10, 0.3789475, 0.5
931, 10, 4, 1, 0.5568420000000001, 0.5
932, 10, 4, 2, 0.45578949999999996, 0.5
933, 10, 4, 3, 0.414737, 0.5
934, 10, 4, 4, 0.41263150000000004, 0.5
935, 10, 4, 5, 0.403158, 0.5
936, 10, 4, 6, 0.369474, 0.5
937, 10, 4, 7, 0.38631550000000003, 0.5
938, 10, 4, 8, 0.3957895, 0.5
939, 10, 4, 9, 0.373684, 0.5
940, 10, 4, 10, 0.3842105, 0.5
941, 10, 5, 1, 0.569474, 0.5
942, 10, 5, 2, 0.4621055, 0.5
943, 10, 5, 3, 0.4357895, 0.5
944, 10, 5, 4, 0.37473650000000003, 0.0
945, 10, 5, 5, 0.411579, 0.5
946, 10, 5, 6, 0.3842105, 0.5
947, 10, 5, 7, 0.37894700000000003, 0.5
948, 10, 5, 8, 0.39684200000000003, 0.5
949, 10, 5, 9, 0.3757895, 0.5
950, 10, 5, 10, 0.372632, 0.5
951, 10, 6, 1, 0.5505260000000001, 0.5
952, 10, 6, 2, 0.44842099999999996, 0.5
953, 10, 6, 3, 0.40842100000000003, 0.5
954, 10, 6, 4, 0.3842105, 0.0
955, 10, 6, 5, 0.4, 0.5
956, 10, 6, 6, 0.3873685, 0.5
957, 10, 6, 7, 0.383158, 0.5
958, 10, 6, 8, 0.3926315, 0.5
959, 10, 6, 9, 0.3926315, 0.5
960, 10, 6, 10, 0.38, 0.5
961, 10, 7, 1, 0.546316, 0.5
962, 10, 7, 2, 0.44947400000000004, 0.5
963, 10, 7, 3, 0.425263, 0.5
964, 10, 7, 4, 0.38, 0.0
965, 10, 7, 5, 0.383158, 0.5
966, 10, 7, 6, 0.3768425, 0.5
967, 10, 7, 7, 0.373684, 0.5
968, 10, 7, 8, 0.3978945, 0.5
969, 10, 7, 9, 0.38526350000000004, 0.5
970, 10, 7, 10, 0.38210500000000003, 0.5
971, 10, 8, 1, 0.5621055, 0.5
972, 10, 8, 2, 0.4778945, 0.0
973, 10, 8, 3, 0.4242105, 0.5
974, 10, 8, 4, 0.4631575, 0.5
975, 10, 8, 5, 0.406316, 0.5
976, 10, 8, 6, 0.385263, 0.5
977, 10, 8, 7, 0.3778945, 0.5
978, 10, 8, 8, 0.391579, 0.5
979, 10, 8, 9, 0.3989475, 0.5
980, 10, 8, 10, 0.37894700000000003, 0.5
981, 10, 9, 1, 0.5452635, 0.5
982, 10, 9, 2, 0.4673685, 0.5
983, 10, 9, 3, 0.43157850000000003, 0.5
984, 10, 9, 4, 0.406316, 0.5
985, 10, 9, 5, 0.39263149999999997, 0.5
986, 10, 9, 6, 0.371579, 0.5
987, 10, 9, 7, 0.4021055, 0.5
988, 10, 9, 8, 0.383158, 0.5
989, 10, 9, 9, 0.391579, 0.5
990, 10, 9, 10, 0.37894700000000003, 0.5
991, 10, 10, 1, 0.531579, 0.5
992, 10, 10, 2, 0.4505265, 0.5
993, 10, 10, 3, 0.416842, 0.5
994, 10, 10, 4, 0.41157900000000003, 0.5
995, 10, 10, 5, 0.408421, 0.5
996, 10, 10, 6, 0.3926315, 0.5
997, 10, 10, 7, 0.38947400000000004, 0.5
998, 10, 10, 8, 0.3905265, 0.5
999, 10, 10, 9, 0.3757895, 0.5
1000, 10, 10, 10, 0.3726315, 0.5
