1, 1, 1, 1, 0.47083300000000006, 1.0
2, 1, 1, 2, 0.44375, 1.5
3, 1, 1, 3, 0.4125, 0.5
4, 1, 1, 4, 0.3927085, 0.5
5, 1, 1, 5, 0.365625, 1.0
6, 1, 1, 6, 0.344792, 1.5
7, 1, 1, 7, 0.3572915, 1.5
8, 1, 1, 8, 0.347917, 2.0
9, 1, 1, 9, 0.321875, 1.5
10, 1, 1, 10, 0.3208335, 1.0
11, 1, 2, 1, 0.47083300000000006, 1.5
12, 1, 2, 2, 0.4416665, 1.0
13, 1, 2, 3, 0.41041649999999996, 1.5
14, 1, 2, 4, 0.38333300000000003, 0.5
15, 1, 2, 5, 0.353125, 1.5
16, 1, 2, 6, 0.3364585, 1.0
17, 1, 2, 7, 0.3375, 1.0
18, 1, 2, 8, 0.3364585, 1.0
19, 1, 2, 9, 0.30833299999999997, 0.5
20, 1, 2, 10, 0.3125, 1.0
21, 1, 3, 1, 0.46041699999999997, 0.5
22, 1, 3, 2, 0.453125, 2.0
23, 1, 3, 3, 0.4083335, 0.5
24, 1, 3, 4, 0.4020835, 0.5
25, 1, 3, 5, 0.3572915, 0.5
26, 1, 3, 6, 0.3489585, 2.5
27, 1, 3, 7, 0.3260415, 0.5
28, 1, 3, 8, 0.30937499999999996, 1.5
29, 1, 3, 9, 0.297917, 2.0
30, 1, 3, 10, 0.302083, 1.5
31, 1, 4, 1, 0.483333, 2.0
32, 1, 4, 2, 0.44895850000000004, 1.0
33, 1, 4, 3, 0.4197915, 1.5
34, 1, 4, 4, 0.3708335, 0.5
35, 1, 4, 5, 0.371875, 1.0
36, 1, 4, 6, 0.34687500000000004, 2.0
37, 1, 4, 7, 0.336458, 2.0
38, 1, 4, 8, 0.31666649999999996, 1.0
39, 1, 4, 9, 0.30104200000000003, 0.5
40, 1, 4, 10, 0.2791665, 0.5
41, 1, 5, 1, 0.4635415, 1.5
42, 1, 5, 2, 0.435417, 1.0
43, 1, 5, 3, 0.44062500000000004, 1.5
44, 1, 5, 4, 0.3864585, 1.0
45, 1, 5, 5, 0.36875, 1.0
46, 1, 5, 6, 0.37083299999999997, 1.0
47, 1, 5, 7, 0.333333, 1.5
48, 1, 5, 8, 0.313542, 1.5
49, 1, 5, 9, 0.3125, 1.0
50, 1, 5, 10, 0.296875, 1.5
51, 1, 6, 1, 0.482292, 0.5
52, 1, 6, 2, 0.4458335, 2.0
53, 1, 6, 3, 0.43125, 1.5
54, 1, 6, 4, 0.390625, 1.5
55, 1, 6, 5, 0.38645850000000004, 1.0
56, 1, 6, 6, 0.34375, 1.5
57, 1, 6, 7, 0.33645800000000003, 1.5
58, 1, 6, 8, 0.3052085, 1.5
59, 1, 6, 9, 0.315625, 1.5
60, 1, 6, 10, 0.313542, 0.5
61, 1, 7, 1, 0.45729200000000003, 1.5
62, 1, 7, 2, 0.45416650000000003, 1.0
63, 1, 7, 3, 0.4197915, 2.0
64, 1, 7, 4, 0.3822915, 2.0
65, 1, 7, 5, 0.3572915, 2.0
66, 1, 7, 6, 0.34375, 0.5
67, 1, 7, 7, 0.321875, 1.5
68, 1, 7, 8, 0.3052085, 1.0
69, 1, 7, 9, 0.3052085, 1.5
70, 1, 7, 10, 0.30625, 2.5
71, 1, 8, 1, 0.46770849999999997, 1.0
72, 1, 8, 2, 0.4479165, 1.5
73, 1, 8, 3, 0.4114585, 1.0
74, 1, 8, 4, 0.37083299999999997, 2.0
75, 1, 8, 5, 0.37395849999999997, 0.5
76, 1, 8, 6, 0.328125, 1.0
77, 1, 8, 7, 0.33125, 0.5
78, 1, 8, 8, 0.3208335, 1.0
79, 1, 8, 9, 0.3072915, 1.5
80, 1, 8, 10, 0.2885415, 1.5
81, 1, 9, 1, 0.44375, 0.5
82, 1, 9, 2, 0.45, 1.0
83, 1, 9, 3, 0.4239585, 1.5
84, 1, 9, 4, 0.367708, 1.0
85, 1, 9, 5, 0.365625, 1.0
86, 1, 9, 6, 0.33333349999999995, 1.0
87, 1, 9, 7, 0.328125, 1.0
88, 1, 9, 8, 0.30625, 1.0
89, 1, 9, 9, 0.3208335, 1.5
90, 1, 9, 10, 0.30833299999999997, 1.5
91, 1, 10, 1, 0.4614585, 0.5
92, 1, 10, 2, 0.4489585, 1.0
93, 1, 10, 3, 0.4135415, 1.0
94, 1, 10, 4, 0.38958349999999997, 1.0
95, 1, 10, 5, 0.37604150000000003, 1.0
96, 1, 10, 6, 0.33854150000000005, 2.0
97, 1, 10, 7, 0.3333335, 0.5
98, 1, 10, 8, 0.31562500000000004, 2.0
99, 1, 10, 9, 0.2895835, 0.5
100, 1, 10, 10, 0.3010415, 1.5
101, 2, 1, 1, 0.446875, 0.5
102, 2, 1, 2, 0.3864585, 1.5
103, 2, 1, 3, 0.3322915, 1.0
104, 2, 1, 4, 0.326042, 0.5
105, 2, 1, 5, 0.2895835, 0.5
106, 2, 1, 6, 0.284375, 1.0
107, 2, 1, 7, 0.28125, 0.5
108, 2, 1, 8, 0.296875, 1.5
109, 2, 1, 9, 0.276042, 1.5
110, 2, 1, 10, 0.2739585, 1.0
111, 2, 2, 1, 0.4375, 1.0
112, 2, 2, 2, 0.377083, 1.0
113, 2, 2, 3, 0.3291665, 2.0
114, 2, 2, 4, 0.3072915, 1.0
115, 2, 2, 5, 0.3, 1.0
116, 2, 2, 6, 0.282292, 0.5
117, 2, 2, 7, 0.2864585, 1.0
118, 2, 2, 8, 0.2739585, 1.0
119, 2, 2, 9, 0.2697915, 0.5
120, 2, 2, 10, 0.2760415, 2.0
121, 2, 3, 1, 0.4427085, 0.5
122, 2, 3, 2, 0.377083, 0.5
123, 2, 3, 3, 0.3020835, 1.5
124, 2, 3, 4, 0.2916665, 1.0
125, 2, 3, 5, 0.28125, 1.0
126, 2, 3, 6, 0.2583335, 1.0
127, 2, 3, 7, 0.2864585, 1.5
128, 2, 3, 8, 0.2677085, 0.5
129, 2, 3, 9, 0.265625, 1.5
130, 2, 3, 10, 0.264583, 1.0
131, 2, 4, 1, 0.44375, 1.5
132, 2, 4, 2, 0.371875, 1.5
133, 2, 4, 3, 0.333333, 0.5
134, 2, 4, 4, 0.2958335, 0.5
135, 2, 4, 5, 0.271875, 1.5
136, 2, 4, 6, 0.2947915, 0.5
137, 2, 4, 7, 0.28020849999999997, 1.5
138, 2, 4, 8, 0.25416700000000003, 0.5
139, 2, 4, 9, 0.2770835, 1.5
140, 2, 4, 10, 0.2604165, 1.0
141, 2, 5, 1, 0.4479165, 1.0
142, 2, 5, 2, 0.390625, 1.5
143, 2, 5, 3, 0.313542, 1.0
144, 2, 5, 4, 0.2916665, 1.0
145, 2, 5, 5, 0.304167, 1.0
146, 2, 5, 6, 0.2854165, 1.0
147, 2, 5, 7, 0.2625, 1.0
148, 2, 5, 8, 0.265625, 1.5
149, 2, 5, 9, 0.2614585, 1.5
150, 2, 5, 10, 0.277083, 0.5
151, 2, 6, 1, 0.45208349999999997, 1.0
152, 2, 6, 2, 0.3666665, 1.0
153, 2, 6, 3, 0.3239585, 1.5
154, 2, 6, 4, 0.29583349999999997, 0.5
155, 2, 6, 5, 0.2760415, 1.0
156, 2, 6, 6, 0.271875, 0.5
157, 2, 6, 7, 0.2697915, 1.0
158, 2, 6, 8, 0.276042, 1.5
159, 2, 6, 9, 0.26666650000000003, 1.0
160, 2, 6, 10, 0.2791665, 1.5
161, 2, 7, 1, 0.4510415, 1.0
162, 2, 7, 2, 0.3697915, 1.5
163, 2, 7, 3, 0.32395799999999997, 0.5
164, 2, 7, 4, 0.2989585, 0.5
165, 2, 7, 5, 0.276042, 0.5
166, 2, 7, 6, 0.28125, 1.0
167, 2, 7, 7, 0.2677085, 1.5
168, 2, 7, 8, 0.2583335, 1.0
169, 2, 7, 9, 0.2625, 1.0
170, 2, 7, 10, 0.2697915, 1.0
171, 2, 8, 1, 0.4572915, 0.5
172, 2, 8, 2, 0.37812500000000004, 0.5
173, 2, 8, 3, 0.32708349999999997, 0.5
174, 2, 8, 4, 0.2885415, 1.0
175, 2, 8, 5, 0.2697915, 1.0
176, 2, 8, 6, 0.26979149999999996, 0.5
177, 2, 8, 7, 0.280208, 1.5
178, 2, 8, 8, 0.283333, 2.0
179, 2, 8, 9, 0.2729165, 1.0
180, 2, 8, 10, 0.26145850000000004, 0.5
181, 2, 9, 1, 0.459375, 1.0
182, 2, 9, 2, 0.36875, 0.5
183, 2, 9, 3, 0.3375, 2.0
184, 2, 9, 4, 0.282292, 1.0
185, 2, 9, 5, 0.2927085, 0.5
186, 2, 9, 6, 0.2802085, 1.0
187, 2, 9, 7, 0.259375, 0.5
188, 2, 9, 8, 0.2708335, 1.0
189, 2, 9, 9, 0.264583, 1.0
190, 2, 9, 10, 0.2625, 1.0
191, 2, 10, 1, 0.466667, 1.0
192, 2, 10, 2, 0.3614585, 0.5
193, 2, 10, 3, 0.322917, 1.0
194, 2, 10, 4, 0.2916665, 1.0
195, 2, 10, 5, 0.27291699999999997, 1.0
196, 2, 10, 6, 0.2697915, 1.5
197, 2, 10, 7, 0.2604165, 0.5
198, 2, 10, 8, 0.273958, 0.5
199, 2, 10, 9, 0.258333, 1.0
200, 2, 10, 10, 0.248958, 0.5
201, 3, 1, 1, 0.403125, 0.5
202, 3, 1, 2, 0.3364585, 0.5
203, 3, 1, 3, 0.29375, 0.5
204, 3, 1, 4, 0.290625, 1.0
205, 3, 1, 5, 0.278125, 1.0
206, 3, 1, 6, 0.2708335, 1.0
207, 3, 1, 7, 0.264583, 0.5
208, 3, 1, 8, 0.25729199999999997, 1.0
209, 3, 1, 9, 0.259375, 1.0
210, 3, 1, 10, 0.25, 0.5
211, 3, 2, 1, 0.38020849999999995, 0.5
212, 3, 2, 2, 0.322917, 0.5
213, 3, 2, 3, 0.28229150000000003, 1.0
214, 3, 2, 4, 0.2760415, 0.5
215, 3, 2, 5, 0.2791665, 0.5
216, 3, 2, 6, 0.267708, 0.5
217, 3, 2, 7, 0.278125, 0.5
218, 3, 2, 8, 0.267708, 1.0
219, 3, 2, 9, 0.2520835, 1.0
220, 3, 2, 10, 0.269792, 1.0
221, 3, 3, 1, 0.375, 0.5
222, 3, 3, 2, 0.31145849999999997, 0.5
223, 3, 3, 3, 0.2833335, 1.5
224, 3, 3, 4, 0.29791650000000003, 0.5
225, 3, 3, 5, 0.2885415, 0.5
226, 3, 3, 6, 0.277083, 1.0
227, 3, 3, 7, 0.285417, 1.0
228, 3, 3, 8, 0.2604165, 1.0
229, 3, 3, 9, 0.264583, 1.0
230, 3, 3, 10, 0.2625, 1.0
231, 3, 4, 1, 0.39479200000000003, 0.5
232, 3, 4, 2, 0.31666649999999996, 0.5
233, 3, 4, 3, 0.2958335, 0.5
234, 3, 4, 4, 0.2833335, 1.0
235, 3, 4, 5, 0.28437500000000004, 1.0
236, 3, 4, 6, 0.2760415, 1.5
237, 3, 4, 7, 0.2708335, 1.0
238, 3, 4, 8, 0.2697915, 1.0
239, 3, 4, 9, 0.2552085, 1.0
240, 3, 4, 10, 0.2697915, 1.0
241, 3, 5, 1, 0.3885415, 0.5
242, 3, 5, 2, 0.32916650000000003, 1.5
243, 3, 5, 3, 0.30625, 1.0
244, 3, 5, 4, 0.3020835, 0.5
245, 3, 5, 5, 0.27708350000000004, 0.5
246, 3, 5, 6, 0.272917, 1.0
247, 3, 5, 7, 0.26875, 1.0
248, 3, 5, 8, 0.26875000000000004, 1.0
249, 3, 5, 9, 0.2677085, 1.0
250, 3, 5, 10, 0.25729199999999997, 1.0
251, 3, 6, 1, 0.3958335, 0.5
252, 3, 6, 2, 0.334375, 0.5
253, 3, 6, 3, 0.2864585, 1.0
254, 3, 6, 4, 0.2927085, 0.5
255, 3, 6, 5, 0.2635415, 1.0
256, 3, 6, 6, 0.2854165, 1.0
257, 3, 6, 7, 0.280208, 0.5
258, 3, 6, 8, 0.26875000000000004, 1.0
259, 3, 6, 9, 0.271875, 1.0
260, 3, 6, 10, 0.266667, 0.5
261, 3, 7, 1, 0.39166650000000003, 0.5
262, 3, 7, 2, 0.319792, 0.5
263, 3, 7, 3, 0.2947915, 0.5
264, 3, 7, 4, 0.2833335, 1.0
265, 3, 7, 5, 0.2770835, 1.0
266, 3, 7, 6, 0.271875, 1.0
267, 3, 7, 7, 0.2604165, 1.0
268, 3, 7, 8, 0.26458349999999997, 1.0
269, 3, 7, 9, 0.2645835, 1.0
270, 3, 7, 10, 0.247917, 1.0
271, 3, 8, 1, 0.375, 0.5
272, 3, 8, 2, 0.3364585, 1.5
273, 3, 8, 3, 0.30104200000000003, 1.0
274, 3, 8, 4, 0.290625, 1.0
275, 3, 8, 5, 0.276042, 1.0
276, 3, 8, 6, 0.26979200000000003, 1.0
277, 3, 8, 7, 0.26875, 1.0
278, 3, 8, 8, 0.280208, 0.5
279, 3, 8, 9, 0.25625, 1.0
280, 3, 8, 10, 0.265625, 1.0
281, 3, 9, 1, 0.366667, 0.5
282, 3, 9, 2, 0.30625, 0.5
283, 3, 9, 3, 0.321875, 1.0
284, 3, 9, 4, 0.28229150000000003, 0.5
285, 3, 9, 5, 0.2885415, 1.0
286, 3, 9, 6, 0.282292, 1.0
287, 3, 9, 7, 0.2625, 1.0
288, 3, 9, 8, 0.2604165, 1.0
289, 3, 9, 9, 0.266667, 1.0
290, 3, 9, 10, 0.2729165, 1.0
291, 3, 10, 1, 0.3875, 0.5
292, 3, 10, 2, 0.3447915, 0.5
293, 3, 10, 3, 0.290625, 0.5
294, 3, 10, 4, 0.2708335, 0.5
295, 3, 10, 5, 0.2760415, 1.0
296, 3, 10, 6, 0.2729165, 1.0
297, 3, 10, 7, 0.2864585, 1.0
298, 3, 10, 8, 0.2729165, 1.0
299, 3, 10, 9, 0.251042, 1.0
300, 3, 10, 10, 0.2604165, 1.0
301, 4, 1, 1, 0.34375, 0.5
302, 4, 1, 2, 0.31145849999999997, 1.0
303, 4, 1, 3, 0.2947915, 1.0
304, 4, 1, 4, 0.27708350000000004, 0.5
305, 4, 1, 5, 0.260417, 1.0
306, 4, 1, 6, 0.2395835, 1.0
307, 4, 1, 7, 0.253125, 1.0
308, 4, 1, 8, 0.244792, 1.0
309, 4, 1, 9, 0.2520835, 1.0
310, 4, 1, 10, 0.2510415, 1.0
311, 4, 2, 1, 0.32916650000000003, 1.0
312, 4, 2, 2, 0.3, 0.5
313, 4, 2, 3, 0.296875, 0.5
314, 4, 2, 4, 0.259375, 1.0
315, 4, 2, 5, 0.2666665, 1.0
316, 4, 2, 6, 0.269792, 1.0
317, 4, 2, 7, 0.2604165, 1.0
318, 4, 2, 8, 0.25625, 1.0
319, 4, 2, 9, 0.246875, 1.0
320, 4, 2, 10, 0.24062499999999998, 1.0
321, 4, 3, 1, 0.3145835, 0.5
322, 4, 3, 2, 0.31875, 1.0
323, 4, 3, 3, 0.298958, 1.0
324, 4, 3, 4, 0.28958300000000003, 1.0
325, 4, 3, 5, 0.2739585, 1.0
326, 4, 3, 6, 0.271875, 1.0
327, 4, 3, 7, 0.2677085, 1.0
328, 4, 3, 8, 0.26145799999999997, 1.0
329, 4, 3, 9, 0.24270799999999998, 1.0
330, 4, 3, 10, 0.238542, 1.0
331, 4, 4, 1, 0.33541699999999997, 0.5
332, 4, 4, 2, 0.31145849999999997, 0.5
333, 4, 4, 3, 0.294792, 0.5
334, 4, 4, 4, 0.2739585, 1.0
335, 4, 4, 5, 0.2770835, 1.0
336, 4, 4, 6, 0.2583335, 1.0
337, 4, 4, 7, 0.2625, 1.0
338, 4, 4, 8, 0.252083, 1.0
339, 4, 4, 9, 0.2416665, 1.0
340, 4, 4, 10, 0.2375, 1.0
341, 4, 5, 1, 0.3333335, 1.0
342, 4, 5, 2, 0.32395799999999997, 1.0
343, 4, 5, 3, 0.2989585, 0.5
344, 4, 5, 4, 0.2947915, 1.0
345, 4, 5, 5, 0.275, 1.0
346, 4, 5, 6, 0.2614585, 1.0
347, 4, 5, 7, 0.259375, 0.5
348, 4, 5, 8, 0.2510415, 1.0
349, 4, 5, 9, 0.2614585, 1.0
350, 4, 5, 10, 0.22499999999999998, 1.0
351, 4, 6, 1, 0.341667, 0.5
352, 4, 6, 2, 0.3125, 0.5
353, 4, 6, 3, 0.309375, 0.5
354, 4, 6, 4, 0.2916665, 1.0
355, 4, 6, 5, 0.2885415, 0.5
356, 4, 6, 6, 0.259375, 1.0
357, 4, 6, 7, 0.246875, 1.0
358, 4, 6, 8, 0.251042, 1.0
359, 4, 6, 9, 0.23125, 1.0
360, 4, 6, 10, 0.24270799999999998, 1.0
361, 4, 7, 1, 0.334375, 0.5
362, 4, 7, 2, 0.3072915, 0.5
363, 4, 7, 3, 0.290625, 0.5
364, 4, 7, 4, 0.26875, 1.0
365, 4, 7, 5, 0.2697915, 1.0
366, 4, 7, 6, 0.265625, 1.0
367, 4, 7, 7, 0.2635415, 1.0
368, 4, 7, 8, 0.2739585, 1.0
369, 4, 7, 9, 0.24791649999999998, 1.0
370, 4, 7, 10, 0.2572915, 1.0
371, 4, 8, 1, 0.342708, 0.5
372, 4, 8, 2, 0.3177085, 1.0
373, 4, 8, 3, 0.2947915, 1.0
374, 4, 8, 4, 0.2833335, 1.0
375, 4, 8, 5, 0.27395800000000003, 1.0
376, 4, 8, 6, 0.282292, 1.0
377, 4, 8, 7, 0.26666650000000003, 1.0
378, 4, 8, 8, 0.259375, 1.0
379, 4, 8, 9, 0.2552085, 1.0
380, 4, 8, 10, 0.24687499999999998, 1.0
381, 4, 9, 1, 0.34479150000000003, 1.5
382, 4, 9, 2, 0.33125, 1.5
383, 4, 9, 3, 0.31666700000000003, 0.5
384, 4, 9, 4, 0.28125, 1.0
385, 4, 9, 5, 0.28020849999999997, 1.0
386, 4, 9, 6, 0.271875, 1.0
387, 4, 9, 7, 0.2635415, 1.0
388, 4, 9, 8, 0.25, 1.0
389, 4, 9, 9, 0.2520835, 1.0
390, 4, 9, 10, 0.266667, 1.0
391, 4, 10, 1, 0.3375, 0.5
392, 4, 10, 2, 0.3197915, 0.5
393, 4, 10, 3, 0.29375, 1.0
394, 4, 10, 4, 0.2864585, 1.0
395, 4, 10, 5, 0.2791665, 1.0
396, 4, 10, 6, 0.28229150000000003, 1.0
397, 4, 10, 7, 0.259375, 1.0
398, 4, 10, 8, 0.271875, 1.0
399, 4, 10, 9, 0.259375, 1.0
400, 4, 10, 10, 0.247917, 1.0
401, 5, 1, 1, 0.343424, 0.5
402, 5, 1, 2, 0.311065, 0.5
403, 5, 1, 3, 0.296451, 1.0
404, 5, 1, 4, 0.27453, 0.5
405, 5, 1, 5, 0.281837, 1.0
406, 5, 1, 6, 0.2599165, 1.0
407, 5, 1, 7, 0.2620045, 1.0
408, 5, 1, 8, 0.2682675, 1.0
409, 5, 1, 9, 0.2588725, 1.0
410, 5, 1, 10, 0.2463465, 1.0
411, 5, 2, 1, 0.341336, 0.5
412, 5, 2, 2, 0.3256785, 0.5
413, 5, 2, 3, 0.277662, 1.0
414, 5, 2, 4, 0.2933195, 1.0
415, 5, 2, 5, 0.2787055, 1.0
416, 5, 2, 6, 0.2745305, 1.0
417, 5, 2, 7, 0.2787055, 1.0
418, 5, 2, 8, 0.2651355, 1.0
419, 5, 2, 9, 0.2526095, 1.0
420, 5, 2, 10, 0.254697, 1.0
421, 5, 3, 1, 0.34238, 0.5
422, 5, 3, 2, 0.3204595, 1.0
423, 5, 3, 3, 0.2870565, 0.5
424, 5, 3, 4, 0.2797495, 0.5
425, 5, 3, 5, 0.2922755, 1.0
426, 5, 3, 6, 0.2870565, 0.5
427, 5, 3, 7, 0.263048, 1.0
428, 5, 3, 8, 0.2599165, 1.0
429, 5, 3, 9, 0.2661795, 1.0
430, 5, 3, 10, 0.270355, 1.0
431, 5, 4, 1, 0.330898, 0.5
432, 5, 4, 2, 0.32150350000000005, 1.0
433, 5, 4, 3, 0.307933, 1.0
434, 5, 4, 4, 0.3006265, 1.0
435, 5, 4, 5, 0.2943635, 1.0
436, 5, 4, 6, 0.26826700000000003, 1.0
437, 5, 4, 7, 0.2703545, 1.0
438, 5, 4, 8, 0.27348649999999997, 1.0
439, 5, 4, 9, 0.275574, 1.0
440, 5, 4, 10, 0.262004, 1.0
441, 5, 5, 1, 0.34864300000000004, 0.5
442, 5, 5, 2, 0.324635, 0.5
443, 5, 5, 3, 0.2901875, 1.0
444, 5, 5, 4, 0.2881, 0.5
445, 5, 5, 5, 0.290188, 1.0
446, 5, 5, 6, 0.270355, 1.0
447, 5, 5, 7, 0.2609605, 1.0
448, 5, 5, 8, 0.2661795, 1.0
449, 5, 5, 9, 0.26931099999999997, 1.0
450, 5, 5, 10, 0.2578285, 1.0
451, 5, 6, 1, 0.3246345, 0.5
452, 5, 6, 2, 0.3194155, 1.0
453, 5, 6, 3, 0.2995825, 0.5
454, 5, 6, 4, 0.3006265, 1.0
455, 5, 6, 5, 0.2797495, 0.5
456, 5, 6, 6, 0.2734865, 1.0
457, 5, 6, 7, 0.2724425, 1.0
458, 5, 6, 8, 0.2849685, 1.0
459, 5, 6, 9, 0.267223, 1.0
460, 5, 6, 10, 0.258873, 1.0
461, 5, 7, 1, 0.32881, 0.5
462, 5, 7, 2, 0.32150350000000005, 0.5
463, 5, 7, 3, 0.308977, 0.5
464, 5, 7, 4, 0.2985385, 1.0
465, 5, 7, 5, 0.2912315, 1.0
466, 5, 7, 6, 0.28079350000000003, 1.0
467, 5, 7, 7, 0.26096050000000004, 1.0
468, 5, 7, 8, 0.264092, 1.0
469, 5, 7, 9, 0.2588725, 1.0
470, 5, 7, 10, 0.255741, 1.0
471, 5, 8, 1, 0.345511, 0.5
472, 5, 8, 2, 0.31419600000000003, 0.5
473, 5, 8, 3, 0.2995825, 0.5
474, 5, 8, 4, 0.296451, 0.5
475, 5, 8, 5, 0.2860125, 1.0
476, 5, 8, 6, 0.281837, 1.0
477, 5, 8, 7, 0.289144, 1.0
478, 5, 8, 8, 0.275574, 1.0
479, 5, 8, 9, 0.2651355, 1.0
480, 5, 8, 10, 0.256785, 1.0
481, 5, 9, 1, 0.33298550000000005, 0.5
482, 5, 9, 2, 0.32881, 0.5
483, 5, 9, 3, 0.308977, 1.0
484, 5, 9, 4, 0.295407, 1.0
485, 5, 9, 5, 0.269311, 1.0
486, 5, 9, 6, 0.27348649999999997, 1.0
487, 5, 9, 7, 0.273486, 1.0
488, 5, 9, 8, 0.27453, 1.0
489, 5, 9, 9, 0.2682675, 1.0
490, 5, 9, 10, 0.276618, 1.0
491, 5, 10, 1, 0.332985, 1.5
492, 5, 10, 2, 0.3215035, 0.5
493, 5, 10, 3, 0.3006265, 1.0
494, 5, 10, 4, 0.295407, 0.5
495, 5, 10, 5, 0.289144, 1.0
496, 5, 10, 6, 0.2860125, 1.0
497, 5, 10, 7, 0.276618, 1.0
498, 5, 10, 8, 0.270355, 1.0
499, 5, 10, 9, 0.250522, 1.0
500, 5, 10, 10, 0.249478, 1.0
501, 6, 1, 1, 0.329854, 0.5
502, 6, 1, 2, 0.302714, 0.5
503, 6, 1, 3, 0.275574, 0.5
504, 6, 1, 4, 0.270355, 1.0
505, 6, 1, 5, 0.255741, 1.0
506, 6, 1, 6, 0.25574149999999995, 1.0
507, 6, 1, 7, 0.24321500000000001, 1.0
508, 6, 1, 8, 0.2473905, 1.0
509, 6, 1, 9, 0.248434, 1.0
510, 6, 1, 10, 0.2526095, 1.0
511, 6, 2, 1, 0.336117, 0.5
512, 6, 2, 2, 0.3016705, 1.0
513, 6, 2, 3, 0.3006265, 0.5
514, 6, 2, 4, 0.2797495, 1.0
515, 6, 2, 5, 0.264092, 1.0
516, 6, 2, 6, 0.250522, 1.0
517, 6, 2, 7, 0.2609605, 1.0
518, 6, 2, 8, 0.2546975, 1.0
519, 6, 2, 9, 0.25260950000000004, 1.0
520, 6, 2, 10, 0.2588725, 1.0
521, 6, 3, 1, 0.3382045, 1.0
522, 6, 3, 2, 0.3194155, 0.5
523, 6, 3, 3, 0.2860125, 0.5
524, 6, 3, 4, 0.2787055, 1.0
525, 6, 3, 5, 0.2787055, 0.5
526, 6, 3, 6, 0.280793, 1.0
527, 6, 3, 7, 0.2588725, 1.0
528, 6, 3, 8, 0.26931099999999997, 1.0
529, 6, 3, 9, 0.2724425, 1.0
530, 6, 3, 10, 0.245303, 1.0
531, 6, 4, 1, 0.34864300000000004, 0.5
532, 6, 4, 2, 0.3037575, 0.5
533, 6, 4, 3, 0.289144, 1.0
534, 6, 4, 4, 0.2922755, 0.5
535, 6, 4, 5, 0.2922755, 0.5
536, 6, 4, 6, 0.267223, 1.0
537, 6, 4, 7, 0.264092, 1.0
538, 6, 4, 8, 0.25260950000000004, 1.0
539, 6, 4, 9, 0.236952, 1.0
540, 6, 4, 10, 0.27766199999999996, 1.0
541, 6, 5, 1, 0.3392485, 0.5
542, 6, 5, 2, 0.30271400000000004, 0.5
543, 6, 5, 3, 0.30167, 1.0
544, 6, 5, 4, 0.2860125, 1.0
545, 6, 5, 5, 0.2881, 1.0
546, 6, 5, 6, 0.2734865, 1.0
547, 6, 5, 7, 0.263048, 1.0
548, 6, 5, 8, 0.2745305, 1.0
549, 6, 5, 9, 0.254697, 1.0
550, 6, 5, 10, 0.2515655, 1.0
551, 6, 6, 1, 0.34238, 0.5
552, 6, 6, 2, 0.3058455, 0.5
553, 6, 6, 3, 0.2974945, 1.0
554, 6, 6, 4, 0.295407, 1.0
555, 6, 6, 5, 0.2860125, 0.5
556, 6, 6, 6, 0.2787055, 1.0
557, 6, 6, 7, 0.270355, 1.0
558, 6, 6, 8, 0.2599165, 1.0
559, 6, 6, 9, 0.26931099999999997, 1.0
560, 6, 6, 10, 0.256785, 1.0
561, 6, 7, 1, 0.337161, 0.5
562, 6, 7, 2, 0.31419600000000003, 0.5
563, 6, 7, 3, 0.28496900000000003, 1.0
564, 6, 7, 4, 0.2922755, 1.0
565, 6, 7, 5, 0.290188, 0.5
566, 6, 7, 6, 0.264092, 1.0
567, 6, 7, 7, 0.27244250000000003, 0.5
568, 6, 7, 8, 0.251566, 1.0
569, 6, 7, 9, 0.27244250000000003, 1.0
570, 6, 7, 10, 0.248434, 1.0
571, 6, 8, 1, 0.34133600000000003, 0.5
572, 6, 8, 2, 0.3068895, 0.5
573, 6, 8, 3, 0.3058455, 1.0
574, 6, 8, 4, 0.276618, 1.0
575, 6, 8, 5, 0.2933195, 1.0
576, 6, 8, 6, 0.278706, 1.0
577, 6, 8, 7, 0.2661795, 1.0
578, 6, 8, 8, 0.2453025, 1.0
579, 6, 8, 9, 0.2546975, 1.0
580, 6, 8, 10, 0.256785, 1.0
581, 6, 9, 1, 0.3319415, 0.5
582, 6, 9, 2, 0.3121085, 0.5
583, 6, 9, 3, 0.3048015, 1.0
584, 6, 9, 4, 0.28079350000000003, 1.0
585, 6, 9, 5, 0.2713985, 0.5
586, 6, 9, 6, 0.27453, 1.0
587, 6, 9, 7, 0.2912315, 1.0
588, 6, 9, 8, 0.2599165, 1.0
589, 6, 9, 9, 0.2954075, 1.0
590, 6, 9, 10, 0.254697, 1.0
591, 6, 10, 1, 0.335073, 0.5
592, 6, 10, 2, 0.290188, 0.5
593, 6, 10, 3, 0.282881, 1.0
594, 6, 10, 4, 0.2797495, 1.0
595, 6, 10, 5, 0.2933195, 1.0
596, 6, 10, 6, 0.282881, 1.0
597, 6, 10, 7, 0.24321500000000001, 1.0
598, 6, 10, 8, 0.26931099999999997, 1.0
599, 6, 10, 9, 0.2546975, 1.0
600, 6, 10, 10, 0.2839245, 1.0
601, 7, 1, 1, 0.3138075, 0.5
602, 7, 1, 2, 0.300209, 0.5
603, 7, 1, 3, 0.2824265, 0.5
604, 7, 1, 4, 0.26778250000000003, 0.5
605, 7, 1, 5, 0.259414, 0.5
606, 7, 1, 6, 0.24790800000000002, 0.5
607, 7, 1, 7, 0.2322175, 0.5
608, 7, 1, 8, 0.241632, 0.5
609, 7, 1, 9, 0.261506, 0.5
610, 7, 1, 10, 0.2374475, 1.0
611, 7, 2, 1, 0.343096, 0.5
612, 7, 2, 2, 0.3179915, 0.5
613, 7, 2, 3, 0.287657, 0.5
614, 7, 2, 4, 0.2771965, 0.5
615, 7, 2, 5, 0.2803345, 0.5
616, 7, 2, 6, 0.2719665, 0.5
617, 7, 2, 7, 0.25418399999999997, 1.0
618, 7, 2, 8, 0.2573225, 1.0
619, 7, 2, 9, 0.2677825, 1.0
620, 7, 2, 10, 0.2709205, 1.0
621, 7, 3, 1, 0.3232215, 0.5
622, 7, 3, 2, 0.3232215, 0.5
623, 7, 3, 3, 0.3043935, 0.5
624, 7, 3, 4, 0.2866105, 0.5
625, 7, 3, 5, 0.2939335, 0.5
626, 7, 3, 6, 0.26046, 0.5
627, 7, 3, 7, 0.280335, 1.0
628, 7, 3, 8, 0.25523, 1.0
629, 7, 3, 9, 0.280335, 1.0
630, 7, 3, 10, 0.2656905, 1.0
631, 7, 4, 1, 0.329498, 0.5
632, 7, 4, 2, 0.3043935, 0.5
633, 7, 4, 3, 0.293933, 0.5
634, 7, 4, 4, 0.2803345, 0.5
635, 7, 4, 5, 0.292887, 0.5
636, 7, 4, 6, 0.25523, 0.5
637, 7, 4, 7, 0.2531385, 1.0
638, 7, 4, 8, 0.25418399999999997, 1.0
639, 7, 4, 9, 0.2656905, 1.0
640, 7, 4, 10, 0.247908, 1.0
641, 7, 5, 1, 0.3305435, 0.5
642, 7, 5, 2, 0.3200835, 0.5
643, 7, 5, 3, 0.30334700000000003, 0.5
644, 7, 5, 4, 0.305439, 0.5
645, 7, 5, 5, 0.2583685, 0.5
646, 7, 5, 6, 0.2824265, 0.5
647, 7, 5, 7, 0.2677825, 1.0
648, 7, 5, 8, 0.2824265, 1.0
649, 7, 5, 9, 0.26569, 1.0
650, 7, 5, 10, 0.25, 1.0
651, 7, 6, 1, 0.329498, 0.5
652, 7, 6, 2, 0.3211295, 0.5
653, 7, 6, 3, 0.2792885, 0.5
654, 7, 6, 4, 0.2876565, 0.5
655, 7, 6, 5, 0.3002095, 0.5
656, 7, 6, 6, 0.291841, 1.0
657, 7, 6, 7, 0.25, 1.0
658, 7, 6, 8, 0.24372349999999998, 1.0
659, 7, 6, 9, 0.253138, 1.0
660, 7, 6, 10, 0.275105, 1.0
661, 7, 7, 1, 0.3221755, 0.5
662, 7, 7, 2, 0.32531350000000003, 1.0
663, 7, 7, 3, 0.2866105, 0.5
664, 7, 7, 4, 0.2730125, 0.5
665, 7, 7, 5, 0.281381, 0.5
666, 7, 7, 6, 0.278243, 1.0
667, 7, 7, 7, 0.251046, 1.0
668, 7, 7, 8, 0.25418399999999997, 0.5
669, 7, 7, 9, 0.2782425, 0.5
670, 7, 7, 10, 0.252092, 1.0
671, 7, 8, 1, 0.333682, 0.5
672, 7, 8, 2, 0.3096235, 0.5
673, 7, 8, 3, 0.291841, 0.5
674, 7, 8, 4, 0.3064855, 1.0
675, 7, 8, 5, 0.292887, 0.5
676, 7, 8, 6, 0.2855645, 1.0
677, 7, 8, 7, 0.26882849999999997, 0.5
678, 7, 8, 8, 0.2635985, 1.0
679, 7, 8, 9, 0.259414, 1.0
680, 7, 8, 10, 0.2719665, 1.0
681, 7, 9, 1, 0.34309649999999997, 0.5
682, 7, 9, 2, 0.330544, 0.5
683, 7, 9, 3, 0.2866105, 0.5
684, 7, 9, 4, 0.2803345, 1.0
685, 7, 9, 5, 0.287657, 0.5
686, 7, 9, 6, 0.2834725, 1.0
687, 7, 9, 7, 0.2635985, 1.0
688, 7, 9, 8, 0.286611, 0.5
689, 7, 9, 9, 0.2384935, 1.0
690, 7, 9, 10, 0.2615065, 1.0
691, 7, 10, 1, 0.324268, 0.5
692, 7, 10, 2, 0.3127615, 0.5
693, 7, 10, 3, 0.308577, 0.5
694, 7, 10, 4, 0.291841, 0.5
695, 7, 10, 5, 0.281381, 1.0
696, 7, 10, 6, 0.3002095, 0.5
697, 7, 10, 7, 0.262552, 1.0
698, 7, 10, 8, 0.277197, 1.0
699, 7, 10, 9, 0.279289, 1.0
700, 7, 10, 10, 0.2740585, 1.0
701, 8, 1, 1, 0.33962250000000005, 0.5
702, 8, 1, 2, 0.30922449999999996, 0.5
703, 8, 1, 3, 0.28092249999999996, 0.5
704, 8, 1, 4, 0.2568135, 0.5
705, 8, 1, 5, 0.2714885, 0.5
706, 8, 1, 6, 0.2620545, 0.5
707, 8, 1, 7, 0.2610065, 1.0
708, 8, 1, 8, 0.25052399999999997, 1.5
709, 8, 1, 9, 0.231656, 1.5
710, 8, 1, 10, 0.230608, 1.0
711, 8, 2, 1, 0.32599599999999995, 0.5
712, 8, 2, 2, 0.307128, 0.5
713, 8, 2, 3, 0.297694, 0.5
714, 8, 2, 4, 0.296646, 0.5
715, 8, 2, 5, 0.2672955, 0.5
716, 8, 2, 6, 0.26624749999999997, 0.5
717, 8, 2, 7, 0.253669, 1.0
718, 8, 2, 8, 0.27672949999999996, 1.0
719, 8, 2, 9, 0.2704405, 1.0
720, 8, 2, 10, 0.2442345, 1.0
721, 8, 3, 1, 0.3427675, 0.5
722, 8, 3, 2, 0.320755, 0.5
723, 8, 3, 3, 0.3018865, 0.5
724, 8, 3, 4, 0.301887, 0.5
725, 8, 3, 5, 0.3102725, 1.0
726, 8, 3, 6, 0.28825999999999996, 0.5
727, 8, 3, 7, 0.26939199999999996, 1.0
728, 8, 3, 8, 0.294549, 1.0
729, 8, 3, 9, 0.265199, 1.0
730, 8, 3, 10, 0.28511549999999997, 1.0
731, 8, 4, 1, 0.3259955, 0.5
732, 8, 4, 2, 0.33228500000000005, 0.5
733, 8, 4, 3, 0.3113205, 0.5
734, 8, 4, 4, 0.318658, 0.5
735, 8, 4, 5, 0.2798745, 0.5
736, 8, 4, 6, 0.27044, 0.5
737, 8, 4, 7, 0.2756815, 1.0
738, 8, 4, 8, 0.27672949999999996, 1.0
739, 8, 4, 9, 0.27672949999999996, 1.0
740, 8, 4, 10, 0.2861635, 1.0
741, 8, 5, 1, 0.327044, 0.5
742, 8, 5, 2, 0.3144655, 0.5
743, 8, 5, 3, 0.314465, 0.5
744, 8, 5, 4, 0.2966455, 0.5
745, 8, 5, 5, 0.293501, 0.5
746, 8, 5, 6, 0.27044, 1.0
747, 8, 5, 7, 0.28092249999999996, 1.0
748, 8, 5, 8, 0.26834399999999997, 1.0
749, 8, 5, 9, 0.2578615, 0.5
750, 8, 5, 10, 0.284067, 1.0
751, 8, 6, 1, 0.3448635, 0.5
752, 8, 6, 2, 0.318658, 0.5
753, 8, 6, 3, 0.293501, 0.5
754, 8, 6, 4, 0.292453, 0.5
755, 8, 6, 5, 0.2945495, 0.5
756, 8, 6, 6, 0.29979049999999996, 1.0
757, 8, 6, 7, 0.29664599999999997, 1.0
758, 8, 6, 8, 0.2819705, 1.0
759, 8, 6, 9, 0.2903565, 1.0
760, 8, 6, 10, 0.28092249999999996, 1.0
761, 8, 7, 1, 0.3385745, 0.5
762, 8, 7, 2, 0.30608, 0.5
763, 8, 7, 3, 0.2914045, 0.5
764, 8, 7, 4, 0.28826, 0.5
765, 8, 7, 5, 0.2914045, 0.5
766, 8, 7, 6, 0.28197099999999997, 0.5
767, 8, 7, 7, 0.275681, 0.5
768, 8, 7, 8, 0.278826, 1.0
769, 8, 7, 9, 0.293501, 1.0
770, 8, 7, 10, 0.280922, 1.0
771, 8, 8, 1, 0.359539, 0.5
772, 8, 8, 2, 0.312369, 0.5
773, 8, 8, 3, 0.292453, 1.0
774, 8, 8, 4, 0.28511549999999997, 0.5
775, 8, 8, 5, 0.3092245, 0.5
776, 8, 8, 6, 0.2861635, 0.5
777, 8, 8, 7, 0.2557655, 1.0
778, 8, 8, 8, 0.289308, 1.0
779, 8, 8, 9, 0.2819705, 1.0
780, 8, 8, 10, 0.28825999999999996, 1.0
781, 8, 9, 1, 0.33543, 0.5
782, 8, 9, 2, 0.307128, 0.5
783, 8, 9, 3, 0.316562, 0.5
784, 8, 9, 4, 0.289308, 0.5
785, 8, 9, 5, 0.301887, 1.0
786, 8, 9, 6, 0.3008385, 1.0
787, 8, 9, 7, 0.303983, 1.0
788, 8, 9, 8, 0.280922, 1.0
789, 8, 9, 9, 0.293501, 1.0
790, 8, 9, 10, 0.27987399999999996, 1.0
791, 8, 10, 1, 0.3427675, 0.5
792, 8, 10, 2, 0.3343815, 0.5
793, 8, 10, 3, 0.307128, 0.5
794, 8, 10, 4, 0.312369, 1.0
795, 8, 10, 5, 0.302935, 0.5
796, 8, 10, 6, 0.2798745, 0.5
797, 8, 10, 7, 0.2861635, 1.0
798, 8, 10, 8, 0.26415099999999997, 1.0
799, 8, 10, 9, 0.28197099999999997, 1.0
800, 8, 10, 10, 0.3113205, 1.0
801, 9, 1, 1, 0.284067, 0.0
802, 9, 1, 2, 0.265199, 0.0
803, 9, 1, 3, 0.293501, 0.0
804, 9, 1, 4, 0.25786149999999997, 0.0
805, 9, 1, 5, 0.268344, 0.0
806, 9, 1, 6, 0.2368975, 0.0
807, 9, 1, 7, 0.2526205, 0.0
808, 9, 1, 8, 0.266247, 0.5
809, 9, 1, 9, 0.26100650000000003, 0.5
810, 9, 1, 10, 0.246331, 0.5
811, 9, 2, 1, 0.32914050000000006, 0.5
812, 9, 2, 2, 0.3060795, 0.0
813, 9, 2, 3, 0.28826, 0.5
814, 9, 2, 4, 0.2756815, 0.5
815, 9, 2, 5, 0.29979, 0.5
816, 9, 2, 6, 0.2714885, 0.0
817, 9, 2, 7, 0.2777775, 0.5
818, 9, 2, 8, 0.2777775, 0.5
819, 9, 2, 9, 0.26939199999999996, 0.5
820, 9, 2, 10, 0.2777775, 0.5
821, 9, 3, 1, 0.3291405, 0.5
822, 9, 3, 2, 0.29245299999999996, 0.5
823, 9, 3, 3, 0.2830185, 0.5
824, 9, 3, 4, 0.27358499999999997, 0.5
825, 9, 3, 5, 0.3008385, 0.5
826, 9, 3, 6, 0.27358499999999997, 0.5
827, 9, 3, 7, 0.29140449999999996, 0.5
828, 9, 3, 8, 0.272537, 0.5
829, 9, 3, 9, 0.26519899999999996, 0.5
830, 9, 3, 10, 0.2651995, 0.5
831, 9, 4, 1, 0.3113205, 0.5
832, 9, 4, 2, 0.3228515, 0.5
833, 9, 4, 3, 0.2945495, 0.5
834, 9, 4, 4, 0.290356, 0.5
835, 9, 4, 5, 0.285115, 0.5
836, 9, 4, 6, 0.2725365, 0.5
837, 9, 4, 7, 0.2672955, 0.5
838, 9, 4, 8, 0.278826, 0.5
839, 9, 4, 9, 0.25052399999999997, 0.5
840, 9, 4, 10, 0.26415099999999997, 0.5
841, 9, 5, 1, 0.35429750000000004, 0.5
842, 9, 5, 2, 0.3134175, 0.5
843, 9, 5, 3, 0.2840675, 0.5
844, 9, 5, 4, 0.29140499999999997, 0.5
845, 9, 5, 5, 0.27044, 0.5
846, 9, 5, 6, 0.27777799999999997, 0.5
847, 9, 5, 7, 0.26939199999999996, 0.5
848, 9, 5, 8, 0.274633, 0.5
849, 9, 5, 9, 0.2756815, 0.5
850, 9, 5, 10, 0.26834349999999996, 0.5
851, 9, 6, 1, 0.33647799999999994, 0.5
852, 9, 6, 2, 0.287212, 0.5
853, 9, 6, 3, 0.28721199999999997, 0.5
854, 9, 6, 4, 0.2903565, 0.5
855, 9, 6, 5, 0.29140449999999996, 0.5
856, 9, 6, 6, 0.2840675, 0.5
857, 9, 6, 7, 0.26205449999999997, 0.5
858, 9, 6, 8, 0.25681350000000003, 0.5
859, 9, 6, 9, 0.2589095, 0.5
860, 9, 6, 10, 0.2714885, 0.5
861, 9, 7, 1, 0.3301885, 0.5
862, 9, 7, 2, 0.301887, 0.5
863, 9, 7, 3, 0.302935, 0.5
864, 9, 7, 4, 0.28826, 0.5
865, 9, 7, 5, 0.2672955, 0.5
866, 9, 7, 6, 0.27358499999999997, 0.5
867, 9, 7, 7, 0.26834399999999997, 0.5
868, 9, 7, 8, 0.2683435, 0.5
869, 9, 7, 9, 0.2672955, 0.5
870, 9, 7, 10, 0.26100650000000003, 0.5
871, 9, 8, 1, 0.3249475, 0.5
872, 9, 8, 2, 0.2945495, 0.5
873, 9, 8, 3, 0.2914045, 0.5
874, 9, 8, 4, 0.27568149999999997, 0.5
875, 9, 8, 5, 0.272537, 0.5
876, 9, 8, 6, 0.26100650000000003, 0.5
877, 9, 8, 7, 0.26834399999999997, 0.5
878, 9, 8, 8, 0.279874, 0.5
879, 9, 8, 9, 0.2714885, 0.5
880, 9, 8, 10, 0.26834349999999996, 0.5
881, 9, 9, 1, 0.3490565, 0.5
882, 9, 9, 2, 0.2997905, 0.5
883, 9, 9, 3, 0.29245299999999996, 0.5
884, 9, 9, 4, 0.2945495, 0.5
885, 9, 9, 5, 0.2914045, 0.5
886, 9, 9, 6, 0.283019, 0.5
887, 9, 9, 7, 0.2714885, 0.5
888, 9, 9, 8, 0.283019, 0.5
889, 9, 9, 9, 0.264151, 0.5
890, 9, 9, 10, 0.2599585, 0.5
891, 9, 10, 1, 0.331237, 0.5
892, 9, 10, 2, 0.312369, 0.5
893, 9, 10, 3, 0.29245299999999996, 0.5
894, 9, 10, 4, 0.298742, 0.5
895, 9, 10, 5, 0.27358499999999997, 0.5
896, 9, 10, 6, 0.2746335, 0.5
897, 9, 10, 7, 0.255765, 0.5
898, 9, 10, 8, 0.2557655, 0.5
899, 9, 10, 9, 0.26939199999999996, 0.5
900, 9, 10, 10, 0.2557655, 0.5
901, 10, 1, 1, 0.3242105, 0.0
902, 10, 1, 2, 0.3, 0.0
903, 10, 1, 3, 0.3052635, 0.0
904, 10, 1, 4, 0.2673685, 0.0
905, 10, 1, 5, 0.2789475, 0.0
906, 10, 1, 6, 0.2621055, 0.0
907, 10, 1, 7, 0.2589475, 0.0
908, 10, 1, 8, 0.2705265, 0.0
909, 10, 1, 9, 0.26, 0.0
910, 10, 1, 10, 0.2547365, 0.0
911, 10, 2, 1, 0.3242105, 0.0
912, 10, 2, 2, 0.311579, 0.0
913, 10, 2, 3, 0.305263, 0.0
914, 10, 2, 4, 0.30315749999999997, 0.5
915, 10, 2, 5, 0.26, 0.0
916, 10, 2, 6, 0.2768425, 0.0
917, 10, 2, 7, 0.27684200000000003, 0.0
918, 10, 2, 8, 0.2884215, 0.5
919, 10, 2, 9, 0.2947365, 0.5
920, 10, 2, 10, 0.3, 0.5
921, 10, 3, 1, 0.3610525, 0.5
922, 10, 3, 2, 0.345263, 0.5
923, 10, 3, 3, 0.308421, 0.5
924, 10, 3, 4, 0.32842099999999996, 0.5
925, 10, 3, 5, 0.31052599999999997, 0.5
926, 10, 3, 6, 0.290526, 0.5
927, 10, 3, 7, 0.29473699999999997, 0.5
928, 10, 3, 8, 0.28526300000000004, 0.5
929, 10, 3, 9, 0.2863155, 0.5
930, 10, 3, 10, 0.292632, 0.5
931, 10, 4, 1, 0.36, 0.5
932, 10, 4, 2, 0.3389475, 0.5
933, 10, 4, 3, 0.311579, 0.5
934, 10, 4, 4, 0.32, 0.5
935, 10, 4, 5, 0.3010525, 0.5
936, 10, 4, 6, 0.29263150000000004, 0.5
937, 10, 4, 7, 0.291579, 0.5
938, 10, 4, 8, 0.2863155, 0.5
939, 10, 4, 9, 0.29578950000000004, 0.5
940, 10, 4, 10, 0.29157900000000003, 0.5
941, 10, 5, 1, 0.345263, 0.5
942, 10, 5, 2, 0.3305265, 0.5
943, 10, 5, 3, 0.31789449999999997, 0.5
944, 10, 5, 4, 0.29578950000000004, 0.5
945, 10, 5, 5, 0.2905265, 0.5
946, 10, 5, 6, 0.3010525, 0.5
947, 10, 5, 7, 0.30947399999999997, 0.5
948, 10, 5, 8, 0.283158, 0.5
949, 10, 5, 9, 0.28526300000000004, 0.5
950, 10, 5, 10, 0.2821055, 0.5
951, 10, 6, 1, 0.3621055, 0.5
952, 10, 6, 2, 0.329474, 0.5
953, 10, 6, 3, 0.330526, 0.5
954, 10, 6, 4, 0.305263, 0.5
955, 10, 6, 5, 0.2526315, 0.0
956, 10, 6, 6, 0.3021055, 0.5
957, 10, 6, 7, 0.302105, 0.5
958, 10, 6, 8, 0.301053, 0.5
959, 10, 6, 9, 0.288421, 0.5
960, 10, 6, 10, 0.28842100000000004, 0.5
961, 10, 7, 1, 0.34421050000000003, 0.5
962, 10, 7, 2, 0.3273685, 0.5
963, 10, 7, 3, 0.3442105, 0.5
964, 10, 7, 4, 0.3042105, 0.5
965, 10, 7, 5, 0.2989475, 0.5
966, 10, 7, 6, 0.2894735, 0.5
967, 10, 7, 7, 0.3010525, 0.5
968, 10, 7, 8, 0.270526, 0.5
969, 10, 7, 9, 0.293684, 0.5
970, 10, 7, 10, 0.2831575, 0.5
971, 10, 8, 1, 0.3610525, 0.5
972, 10, 8, 2, 0.338947, 0.5
973, 10, 8, 3, 0.318947, 0.5
974, 10, 8, 4, 0.3105265, 0.5
975, 10, 8, 5, 0.3126315, 0.5
976, 10, 8, 6, 0.2894735, 0.5
977, 10, 8, 7, 0.306316, 0.5
978, 10, 8, 8, 0.2757895, 0.5
979, 10, 8, 9, 0.289474, 0.5
980, 10, 8, 10, 0.2936845, 0.5
981, 10, 9, 1, 0.368421, 0.5
982, 10, 9, 2, 0.33368400000000004, 0.5
983, 10, 9, 3, 0.33263149999999997, 0.5
984, 10, 9, 4, 0.31789449999999997, 0.5
985, 10, 9, 5, 0.2789475, 0.5
986, 10, 9, 6, 0.2894735, 0.5
987, 10, 9, 7, 0.308421, 0.5
988, 10, 9, 8, 0.293684, 0.5
989, 10, 9, 9, 0.28421050000000003, 0.5
990, 10, 9, 10, 0.28526300000000004, 0.5
991, 10, 10, 1, 0.376842, 0.5
992, 10, 10, 2, 0.36000000000000004, 0.5
993, 10, 10, 3, 0.3273685, 0.5
994, 10, 10, 4, 0.3, 0.5
995, 10, 10, 5, 0.29894750000000003, 0.5
996, 10, 10, 6, 0.291579, 0.5
997, 10, 10, 7, 0.2873685, 0.5
998, 10, 10, 8, 0.2810525, 0.5
999, 10, 10, 9, 0.283158, 0.5
1000, 10, 10, 10, 0.296842, 0.5
