1, 1, 1, 0.1, 0.3635415, 0.5
2, 1, 1, 0.01, 0.358333, 0.0
3, 1, 1, 0.001, 0.372917, 0.0
4, 1, 1, 0.0001, 0.37083299999999997, 0.0
5, 1, 2, 0.1, 0.37083299999999997, 0.0
6, 1, 2, 0.01, 0.36875, 1.0
7, 1, 2, 0.001, 0.37812500000000004, 0.0
8, 1, 2, 0.0001, 0.376042, 0.0
9, 1, 3, 0.1, 0.38020849999999995, 0.5
10, 1, 3, 0.01, 0.38749999999999996, 0.0
11, 1, 3, 0.001, 0.37604150000000003, 0.0
12, 1, 3, 0.0001, 0.3677085, 0.5
13, 1, 4, 0.1, 0.375, 0.0
14, 1, 4, 0.01, 0.35625, 0.0
15, 1, 4, 0.001, 0.378125, 0.5
16, 1, 4, 0.0001, 0.37083350000000004, 0.5
17, 1, 5, 0.1, 0.36770800000000003, 1.0
18, 1, 5, 0.01, 0.37604150000000003, 0.0
19, 1, 5, 0.001, 0.383333, 0.5
20, 1, 5, 0.0001, 0.37812500000000004, 1.0
21, 1, 6, 0.1, 0.3822915, 0.0
22, 1, 6, 0.01, 0.37604150000000003, 0.5
23, 1, 6, 0.001, 0.38333300000000003, 0.0
24, 1, 6, 0.0001, 0.3979165, 1.5
25, 1, 7, 0.1, 0.378125, 0.0
26, 1, 7, 0.01, 0.3770835, 1.0
27, 1, 7, 0.001, 0.38020849999999995, 1.0
28, 1, 7, 0.0001, 0.3802085, 0.0
29, 1, 8, 0.1, 0.38125, 0.0
30, 1, 8, 0.01, 0.36875, 0.0
31, 1, 8, 0.001, 0.3854165, 0.5
32, 1, 8, 0.0001, 0.385417, 0.0
33, 1, 9, 0.1, 0.37604150000000003, 0.5
34, 1, 9, 0.01, 0.37604150000000003, 0.5
35, 1, 9, 0.001, 0.3770835, 0.0
36, 1, 9, 0.0001, 0.375, 0.0
37, 1, 10, 0.1, 0.378125, 0.5
38, 1, 10, 0.01, 0.37083350000000004, 0.5
39, 1, 10, 0.001, 0.37187499999999996, 0.5
40, 1, 10, 0.0001, 0.364583, 0.0
41, 2, 1, 0.1, 0.36041650000000003, 0.5
42, 2, 1, 0.01, 0.35624999999999996, 0.5
43, 2, 1, 0.001, 0.39479200000000003, 0.0
44, 2, 1, 0.0001, 0.44375, 1.0
45, 2, 2, 0.1, 0.35833349999999997, 0.5
46, 2, 2, 0.01, 0.365625, 0.5
47, 2, 2, 0.001, 0.4145835, 0.0
48, 2, 2, 0.0001, 0.42083349999999997, 0.5
49, 2, 3, 0.1, 0.386458, 0.5
50, 2, 3, 0.01, 0.370833, 2.0
51, 2, 3, 0.001, 0.408333, 0.5
52, 2, 3, 0.0001, 0.4197915, 0.5
53, 2, 4, 0.1, 0.3614585, 0.5
54, 2, 4, 0.01, 0.378125, 0.5
55, 2, 4, 0.001, 0.427083, 1.0
56, 2, 4, 0.0001, 0.4177085, 0.0
57, 2, 5, 0.1, 0.3645835, 0.5
58, 2, 5, 0.01, 0.36770800000000003, 0.5
59, 2, 5, 0.001, 0.40625, 1.0
60, 2, 5, 0.0001, 0.4197915, 0.0
61, 2, 6, 0.1, 0.3791665, 0.5
62, 2, 6, 0.01, 0.385417, 0.5
63, 2, 6, 0.001, 0.41770799999999997, 0.0
64, 2, 6, 0.0001, 0.391667, 0.0
65, 2, 7, 0.1, 0.361458, 0.5
66, 2, 7, 0.01, 0.36666699999999997, 0.5
67, 2, 7, 0.001, 0.4166665, 0.0
68, 2, 7, 0.0001, 0.42916699999999997, 0.0
69, 2, 8, 0.1, 0.3833335, 0.5
70, 2, 8, 0.01, 0.3729165, 1.0
71, 2, 8, 0.001, 0.40625, 0.0
72, 2, 8, 0.0001, 0.425, 1.0
73, 2, 9, 0.1, 0.359375, 0.5
74, 2, 9, 0.01, 0.36875, 0.5
75, 2, 9, 0.001, 0.4083335, 0.0
76, 2, 9, 0.0001, 0.4333335, 1.0
77, 2, 10, 0.1, 0.3635415, 1.0
78, 2, 10, 0.01, 0.37083350000000004, 1.0
79, 2, 10, 0.001, 0.404167, 0.0
80, 2, 10, 0.0001, 0.4125, 0.0
81, 3, 1, 0.1, 0.33541699999999997, 0.5
82, 3, 1, 0.01, 0.34270849999999997, 0.5
83, 3, 1, 0.001, 0.4125, 0.5
84, 3, 1, 0.0001, 0.4395835, 0.5
85, 3, 2, 0.1, 0.329167, 0.5
86, 3, 2, 0.01, 0.3458335, 0.5
87, 3, 2, 0.001, 0.41875, 0.5
88, 3, 2, 0.0001, 0.446875, 0.5
89, 3, 3, 0.1, 0.326042, 0.5
90, 3, 3, 0.01, 0.33541699999999997, 0.5
91, 3, 3, 0.001, 0.425, 1.0
92, 3, 3, 0.0001, 0.453125, 0.5
93, 3, 4, 0.1, 0.340625, 0.5
94, 3, 4, 0.01, 0.325, 0.5
95, 3, 4, 0.001, 0.40208350000000004, 0.5
96, 3, 4, 0.0001, 0.4510415, 1.0
97, 3, 5, 0.1, 0.33958350000000004, 0.5
98, 3, 5, 0.01, 0.3229165, 0.5
99, 3, 5, 0.001, 0.42083349999999997, 1.0
100, 3, 5, 0.0001, 0.442708, 0.5
101, 3, 6, 0.1, 0.3385415, 0.5
102, 3, 6, 0.01, 0.317708, 0.5
103, 3, 6, 0.001, 0.40937500000000004, 0.5
104, 3, 6, 0.0001, 0.453125, 0.5
105, 3, 7, 0.1, 0.34375, 0.5
106, 3, 7, 0.01, 0.35625, 0.5
107, 3, 7, 0.001, 0.40729150000000003, 0.5
108, 3, 7, 0.0001, 0.4322915, 0.5
109, 3, 8, 0.1, 0.3375, 0.5
110, 3, 8, 0.01, 0.340625, 0.5
111, 3, 8, 0.001, 0.40312499999999996, 0.5
112, 3, 8, 0.0001, 0.4489585, 0.5
113, 3, 9, 0.1, 0.33645800000000003, 0.5
114, 3, 9, 0.01, 0.3583335, 0.5
115, 3, 9, 0.001, 0.41458300000000003, 1.0
116, 3, 9, 0.0001, 0.436458, 0.5
117, 3, 10, 0.1, 0.3208335, 0.5
118, 3, 10, 0.01, 0.34270849999999997, 0.5
119, 3, 10, 0.001, 0.4010415, 0.5
120, 3, 10, 0.0001, 0.44375, 0.5
121, 4, 1, 0.1, 0.31979199999999997, 0.5
122, 4, 1, 0.01, 0.313542, 1.0
123, 4, 1, 0.001, 0.42604149999999996, 0.5
124, 4, 1, 0.0001, 0.475, 0.5
125, 4, 2, 0.1, 0.3302085, 0.5
126, 4, 2, 0.01, 0.31875, 0.5
127, 4, 2, 0.001, 0.415625, 0.5
128, 4, 2, 0.0001, 0.47604199999999997, 0.5
129, 4, 3, 0.1, 0.3125, 0.5
130, 4, 3, 0.01, 0.3197915, 0.5
131, 4, 3, 0.001, 0.432292, 0.5
132, 4, 3, 0.0001, 0.465625, 0.5
133, 4, 4, 0.1, 0.311458, 0.5
134, 4, 4, 0.01, 0.3177085, 0.5
135, 4, 4, 0.001, 0.41770850000000004, 0.5
136, 4, 4, 0.0001, 0.4552085, 0.5
137, 4, 5, 0.1, 0.31354150000000003, 0.5
138, 4, 5, 0.01, 0.309375, 0.5
139, 4, 5, 0.001, 0.422917, 0.5
140, 4, 5, 0.0001, 0.47187500000000004, 0.5
141, 4, 6, 0.1, 0.31666700000000003, 0.5
142, 4, 6, 0.01, 0.30833299999999997, 1.0
143, 4, 6, 0.001, 0.41770850000000004, 0.5
144, 4, 6, 0.0001, 0.446875, 1.0
145, 4, 7, 0.1, 0.3125, 1.0
146, 4, 7, 0.01, 0.32499999999999996, 0.5
147, 4, 7, 0.001, 0.427083, 1.0
148, 4, 7, 0.0001, 0.44895850000000004, 0.5
149, 4, 8, 0.1, 0.3197915, 0.5
150, 4, 8, 0.01, 0.3125, 0.5
151, 4, 8, 0.001, 0.4239585, 0.5
152, 4, 8, 0.0001, 0.44895850000000004, 0.5
153, 4, 9, 0.1, 0.30625, 0.5
154, 4, 9, 0.01, 0.3302085, 0.5
155, 4, 9, 0.001, 0.41874999999999996, 0.5
156, 4, 9, 0.0001, 0.4614585, 1.5
157, 4, 10, 0.1, 0.31666700000000003, 0.5
158, 4, 10, 0.01, 0.314583, 0.5
159, 4, 10, 0.001, 0.42604149999999996, 1.0
160, 4, 10, 0.0001, 0.45208349999999997, 0.5
161, 5, 1, 0.1, 0.327766, 0.5
162, 5, 1, 0.01, 0.31941549999999996, 0.5
163, 5, 1, 0.001, 0.4258875, 0.0
164, 5, 1, 0.0001, 0.482255, 0.5
165, 5, 2, 0.1, 0.3267225, 0.5
166, 5, 2, 0.01, 0.3121085, 0.5
167, 5, 2, 0.001, 0.4258875, 0.0
168, 5, 2, 0.0001, 0.4832985, 0.5
169, 5, 3, 0.1, 0.3204595, 0.5
170, 5, 3, 0.01, 0.321503, 0.5
171, 5, 3, 0.001, 0.4196245, 0.5
172, 5, 3, 0.0001, 0.48329849999999996, 0.5
173, 5, 4, 0.1, 0.3194155, 0.5
174, 5, 4, 0.01, 0.31210899999999997, 0.5
175, 5, 4, 0.001, 0.429019, 1.0
176, 5, 4, 0.0001, 0.473904, 0.5
177, 5, 5, 0.1, 0.33298550000000005, 0.5
178, 5, 5, 0.01, 0.326722, 0.5
179, 5, 5, 0.001, 0.42275599999999997, 0.5
180, 5, 5, 0.0001, 0.487474, 0.5
181, 5, 6, 0.1, 0.31419600000000003, 0.5
182, 5, 6, 0.01, 0.317328, 0.5
183, 5, 6, 0.001, 0.43736949999999997, 1.0
184, 5, 6, 0.0001, 0.4780795, 0.5
185, 5, 7, 0.1, 0.32254700000000003, 0.5
186, 5, 7, 0.01, 0.32881, 0.5
187, 5, 7, 0.001, 0.409186, 0.5
188, 5, 7, 0.0001, 0.4791235, 0.5
189, 5, 8, 0.1, 0.3204595, 0.5
190, 5, 8, 0.01, 0.318372, 0.5
191, 5, 8, 0.001, 0.40709799999999996, 0.5
192, 5, 8, 0.0001, 0.461378, 0.5
193, 5, 9, 0.1, 0.330898, 0.5
194, 5, 9, 0.01, 0.3141965, 0.5
195, 5, 9, 0.001, 0.40918600000000005, 1.0
196, 5, 9, 0.0001, 0.482255, 0.5
197, 5, 10, 0.1, 0.3058455, 0.5
198, 5, 10, 0.01, 0.3183715, 0.5
199, 5, 10, 0.001, 0.4258875, 0.5
200, 5, 10, 0.0001, 0.4780795, 0.5
201, 6, 1, 0.1, 0.302714, 0.5
202, 6, 1, 0.01, 0.3058455, 0.5
203, 6, 1, 0.001, 0.4509395, 0.5
204, 6, 1, 0.0001, 0.480167, 0.0
205, 6, 2, 0.1, 0.3058455, 0.5
206, 6, 2, 0.01, 0.3121085, 0.5
207, 6, 2, 0.001, 0.434238, 0.5
208, 6, 2, 0.0001, 0.4676405, 0.0
209, 6, 3, 0.1, 0.321503, 0.5
210, 6, 3, 0.01, 0.2985385, 0.5
211, 6, 3, 0.001, 0.440501, 0.5
212, 6, 3, 0.0001, 0.4780795, 0.5
213, 6, 4, 0.1, 0.3162835, 0.5
214, 6, 4, 0.01, 0.3173275, 0.5
215, 6, 4, 0.001, 0.420668, 0.5
216, 6, 4, 0.0001, 0.47494800000000004, 0.0
217, 6, 5, 0.1, 0.30688899999999997, 0.5
218, 6, 5, 0.01, 0.304802, 0.5
219, 6, 5, 0.001, 0.436326, 0.5
220, 6, 5, 0.0001, 0.47703549999999995, 0.0
221, 6, 6, 0.1, 0.308977, 0.5
222, 6, 6, 0.01, 0.307933, 0.5
223, 6, 6, 0.001, 0.43215000000000003, 0.5
224, 6, 6, 0.0001, 0.47912299999999997, 0.0
225, 6, 7, 0.1, 0.296451, 0.5
226, 6, 7, 0.01, 0.29436300000000004, 1.0
227, 6, 7, 0.001, 0.4164925, 0.5
228, 6, 7, 0.0001, 0.474948, 0.0
229, 6, 8, 0.1, 0.296451, 0.5
230, 6, 8, 0.01, 0.31106449999999997, 0.5
231, 6, 8, 0.001, 0.419624, 0.5
232, 6, 8, 0.0001, 0.4759915, 0.0
233, 6, 9, 0.1, 0.2974945, 1.0
234, 6, 9, 0.01, 0.2974945, 0.5
235, 6, 9, 0.001, 0.430063, 0.5
236, 6, 9, 0.0001, 0.4843425, 0.5
237, 6, 10, 0.1, 0.31523999999999996, 0.5
238, 6, 10, 0.01, 0.2995825, 0.5
239, 6, 10, 0.001, 0.42693099999999995, 1.0
240, 6, 10, 0.0001, 0.48121099999999994, 0.0
241, 7, 1, 0.1, 0.299163, 0.5
242, 7, 1, 0.01, 0.2771965, 0.5
243, 7, 1, 0.001, 0.426778, 0.0
244, 7, 1, 0.0001, 0.5073225, 0.5
245, 7, 2, 0.1, 0.3002095, 0.5
246, 7, 2, 0.01, 0.3002095, 0.5
247, 7, 2, 0.001, 0.4225945, 0.0
248, 7, 2, 0.0001, 0.501046, 0.5
249, 7, 3, 0.1, 0.2855645, 0.5
250, 7, 3, 0.01, 0.306485, 0.5
251, 7, 3, 0.001, 0.415272, 0.5
252, 7, 3, 0.0001, 0.5115065, 0.5
253, 7, 4, 0.1, 0.2907945, 0.5
254, 7, 4, 0.01, 0.3043935, 0.5
255, 7, 4, 0.001, 0.441423, 0.5
256, 7, 4, 0.0001, 0.5, 0.5
257, 7, 5, 0.1, 0.288703, 0.5
258, 7, 5, 0.01, 0.288703, 0.5
259, 7, 5, 0.001, 0.4246865, 0.5
260, 7, 5, 0.0001, 0.5115065000000001, 0.5
261, 7, 6, 0.1, 0.2981175, 0.5
262, 7, 6, 0.01, 0.294979, 0.5
263, 7, 6, 0.001, 0.443515, 0.5
264, 7, 6, 0.0001, 0.5135985000000001, 0.5
265, 7, 7, 0.1, 0.2991635, 0.5
266, 7, 7, 0.01, 0.291841, 0.5
267, 7, 7, 0.001, 0.4341005, 0.5
268, 7, 7, 0.0001, 0.5, 0.5
269, 7, 8, 0.1, 0.299163, 0.5
270, 7, 8, 0.01, 0.28870300000000004, 0.5
271, 7, 8, 0.001, 0.421548, 0.5
272, 7, 8, 0.0001, 0.5031384999999999, 0.5
273, 7, 9, 0.1, 0.286611, 0.5
274, 7, 9, 0.01, 0.294979, 0.5
275, 7, 9, 0.001, 0.42364, 0.5
276, 7, 9, 0.0001, 0.5146445, 0.5
277, 7, 10, 0.1, 0.2761505, 0.5
278, 7, 10, 0.01, 0.28974900000000003, 0.5
279, 7, 10, 0.001, 0.4382845, 0.5
280, 7, 10, 0.0001, 0.501046, 0.5
281, 8, 1, 0.1, 0.321803, 0.5
282, 8, 1, 0.01, 0.3144655, 0.5
283, 8, 1, 0.001, 0.461216, 0.5
284, 8, 1, 0.0001, 0.538784, 0.5
285, 8, 2, 0.1, 0.31761, 0.5
286, 8, 2, 0.01, 0.302935, 0.5
287, 8, 2, 0.001, 0.4685535, 0.5
288, 8, 2, 0.0001, 0.5450735, 0.5
289, 8, 3, 0.1, 0.320755, 0.5
290, 8, 3, 0.01, 0.3238995, 0.5
291, 8, 3, 0.001, 0.446541, 0.5
292, 8, 3, 0.0001, 0.5513625, 0.5
293, 8, 4, 0.1, 0.327044, 0.5
294, 8, 4, 0.01, 0.3176105, 0.5
295, 8, 4, 0.001, 0.4559745, 0.5
296, 8, 4, 0.0001, 0.5503145, 0.5
297, 8, 5, 0.1, 0.337526, 0.5
298, 8, 5, 0.01, 0.3144655, 0.5
299, 8, 5, 0.001, 0.4549265, 0.5
300, 8, 5, 0.0001, 0.5398325, 0.5
301, 8, 6, 0.1, 0.321803, 0.5
302, 8, 6, 0.01, 0.32809200000000005, 0.5
303, 8, 6, 0.001, 0.443396, 0.5
304, 8, 6, 0.0001, 0.544025, 0.5
305, 8, 7, 0.1, 0.32075450000000005, 0.5
306, 8, 7, 0.01, 0.321803, 0.5
307, 8, 7, 0.001, 0.4507335, 0.5
308, 8, 7, 0.0001, 0.5408805000000001, 0.5
309, 8, 8, 0.1, 0.3155135, 0.5
310, 8, 8, 0.01, 0.322851, 0.5
311, 8, 8, 0.001, 0.448637, 0.5
312, 8, 8, 0.0001, 0.5450735, 0.5
313, 8, 9, 0.1, 0.32494750000000006, 0.5
314, 8, 9, 0.01, 0.321803, 0.5
315, 8, 9, 0.001, 0.438155, 0.5
316, 8, 9, 0.0001, 0.5461215, 0.5
317, 8, 10, 0.1, 0.3144655, 0.5
318, 8, 10, 0.01, 0.312369, 0.5
319, 8, 10, 0.001, 0.446541, 0.5
320, 8, 10, 0.0001, 0.553459, 0.5
321, 9, 1, 0.1, 0.285115, 0.0
322, 9, 1, 0.01, 0.283019, 0.0
323, 9, 1, 0.001, 0.431866, 0.0
324, 9, 1, 0.0001, 0.5167715, 0.0
325, 9, 2, 0.1, 0.292453, 0.0
326, 9, 2, 0.01, 0.3207545, 0.5
327, 9, 2, 0.001, 0.43396250000000003, 0.0
328, 9, 2, 0.0001, 0.5115305, 0.0
329, 9, 3, 0.1, 0.293501, 0.5
330, 9, 3, 0.01, 0.3039835, 0.5
331, 9, 3, 0.001, 0.4266245, 0.5
332, 9, 3, 0.0001, 0.538784, 0.0
333, 9, 4, 0.1, 0.309224, 0.5
334, 9, 4, 0.01, 0.2945495, 0.5
335, 9, 4, 0.001, 0.437107, 0.5
336, 9, 4, 0.0001, 0.5220125, 0.0
337, 9, 5, 0.1, 0.302935, 0.5
338, 9, 5, 0.01, 0.3060795, 0.5
339, 9, 5, 0.001, 0.44758950000000003, 0.5
340, 9, 5, 0.0001, 0.514675, 0.0
341, 9, 6, 0.1, 0.3165615, 0.5
342, 9, 6, 0.01, 0.3134175, 0.5
343, 9, 6, 0.001, 0.4413, 0.5
344, 9, 6, 0.0001, 0.525157, 0.0
345, 9, 7, 0.1, 0.3018865, 0.5
346, 9, 7, 0.01, 0.307128, 0.5
347, 9, 7, 0.001, 0.43605900000000003, 0.5
348, 9, 7, 0.0001, 0.5220125, 0.0
349, 9, 8, 0.1, 0.312369, 0.5
350, 9, 8, 0.01, 0.3280925, 0.5
351, 9, 8, 0.001, 0.42976949999999997, 0.5
352, 9, 8, 0.0001, 0.5178195, 0.0
353, 9, 9, 0.1, 0.3249475, 0.5
354, 9, 9, 0.01, 0.3197065, 0.5
355, 9, 9, 0.001, 0.446541, 0.5
356, 9, 9, 0.0001, 0.515723, 0.0
357, 9, 10, 0.1, 0.312369, 0.5
358, 9, 10, 0.01, 0.312369, 0.5
359, 9, 10, 0.001, 0.442348, 0.5
360, 9, 10, 0.0001, 0.528302, 0.0
361, 10, 1, 0.1, 0.3157895, 0.0
362, 10, 1, 0.01, 0.3042105, 0.0
363, 10, 1, 0.001, 0.46842100000000003, 0.0
364, 10, 1, 0.0001, 0.551579, 0.0
365, 10, 2, 0.1, 0.3157895, 0.0
366, 10, 2, 0.01, 0.32, 0.0
367, 10, 2, 0.001, 0.48947399999999996, 0.0
368, 10, 2, 0.0001, 0.5357895, 0.0
369, 10, 3, 0.1, 0.33368400000000004, 0.5
370, 10, 3, 0.01, 0.34421050000000003, 0.5
371, 10, 3, 0.001, 0.5021055, 0.5
372, 10, 3, 0.0001, 0.551579, 0.0
373, 10, 4, 0.1, 0.3357895, 0.5
374, 10, 4, 0.01, 0.346316, 0.5
375, 10, 4, 0.001, 0.5, 0.0
376, 10, 4, 0.0001, 0.534737, 0.0
377, 10, 5, 0.1, 0.3305265, 0.5
378, 10, 5, 0.01, 0.3221055, 0.5
379, 10, 5, 0.001, 0.5010525, 0.5
380, 10, 5, 0.0001, 0.534737, 0.0
381, 10, 6, 0.1, 0.3410525, 0.5
382, 10, 6, 0.01, 0.334737, 0.5
383, 10, 6, 0.001, 0.485263, 0.0
384, 10, 6, 0.0001, 0.5557895, 0.0
385, 10, 7, 0.1, 0.3431575, 0.5
386, 10, 7, 0.01, 0.3389475, 0.5
387, 10, 7, 0.001, 0.49263199999999996, 0.5
388, 10, 7, 0.0001, 0.545263, 0.0
389, 10, 8, 0.1, 0.371579, 0.5
390, 10, 8, 0.01, 0.33999999999999997, 0.5
391, 10, 8, 0.001, 0.5, 0.0
392, 10, 8, 0.0001, 0.536842, 0.0
393, 10, 9, 0.1, 0.329474, 0.5
394, 10, 9, 0.01, 0.3526315, 0.5
395, 10, 9, 0.001, 0.485263, 0.0
396, 10, 9, 0.0001, 0.537895, 0.0
397, 10, 10, 0.1, 0.313684, 0.0
398, 10, 10, 0.01, 0.350526, 0.5
399, 10, 10, 0.001, 0.4852635, 0.0
400, 10, 10, 0.0001, 0.5336845, 0.0
