1, 1, 1, 1, 0.37083299999999997, 0.0
2, 1, 1, 2, 0.380208, 1.0
3, 1, 1, 3, 0.377083, 0.5
4, 1, 1, 4, 0.36354149999999996, 0.0
5, 1, 1, 5, 0.3802085, 0.0
6, 1, 1, 6, 0.38958349999999997, 0.0
7, 1, 1, 7, 0.3802085, 0.5
8, 1, 1, 8, 0.37916649999999996, 1.0
9, 1, 1, 9, 0.36875, 0.0
10, 1, 1, 10, 0.372917, 0.5
11, 1, 2, 1, 0.376042, 0.0
12, 1, 2, 2, 0.37187499999999996, 1.0
13, 1, 2, 3, 0.378125, 0.5
14, 1, 2, 4, 0.38125, 0.0
15, 1, 2, 5, 0.36875, 0.5
16, 1, 2, 6, 0.390625, 0.0
17, 1, 2, 7, 0.375, 0.0
18, 1, 2, 8, 0.384375, 0.5
19, 1, 2, 9, 0.37604150000000003, 0.5
20, 1, 2, 10, 0.3854165, 0.0
21, 1, 3, 1, 0.3677085, 0.5
22, 1, 3, 2, 0.3833335, 0.5
23, 1, 3, 3, 0.3854165, 0.5
24, 1, 3, 4, 0.38125, 0.0
25, 1, 3, 5, 0.3729165, 0.0
26, 1, 3, 6, 0.3708335, 0.5
27, 1, 3, 7, 0.3958335, 0.0
28, 1, 3, 8, 0.36875, 0.0
29, 1, 3, 9, 0.384375, 0.5
30, 1, 3, 10, 0.3833335, 1.0
31, 1, 4, 1, 0.37083350000000004, 0.5
32, 1, 4, 2, 0.37395849999999997, 0.0
33, 1, 4, 3, 0.3989585, 0.0
34, 1, 4, 4, 0.38125, 0.0
35, 1, 4, 5, 0.373958, 0.5
36, 1, 4, 6, 0.38958349999999997, 0.0
37, 1, 4, 7, 0.384375, 1.0
38, 1, 4, 8, 0.380208, 0.0
39, 1, 4, 9, 0.371875, 0.5
40, 1, 4, 10, 0.384375, 0.0
41, 1, 5, 1, 0.37812500000000004, 1.0
42, 1, 5, 2, 0.373958, 1.0
43, 1, 5, 3, 0.38125, 0.0
44, 1, 5, 4, 0.3927085, 0.5
45, 1, 5, 5, 0.376042, 0.5
46, 1, 5, 6, 0.37604150000000003, 0.0
47, 1, 5, 7, 0.378125, 0.0
48, 1, 5, 8, 0.36354149999999996, 1.0
49, 1, 5, 9, 0.378125, 0.5
50, 1, 5, 10, 0.3822915, 0.0
51, 1, 6, 1, 0.3979165, 1.5
52, 1, 6, 2, 0.37916700000000003, 0.5
53, 1, 6, 3, 0.38125, 1.0
54, 1, 6, 4, 0.38125, 0.0
55, 1, 6, 5, 0.36041650000000003, 0.0
56, 1, 6, 6, 0.384375, 0.5
57, 1, 6, 7, 0.384375, 0.0
58, 1, 6, 8, 0.3666665, 0.5
59, 1, 6, 9, 0.38958349999999997, 0.0
60, 1, 6, 10, 0.3677085, 0.0
61, 1, 7, 1, 0.3802085, 0.0
62, 1, 7, 2, 0.390625, 0.5
63, 1, 7, 3, 0.37187499999999996, 0.5
64, 1, 7, 4, 0.38125, 0.0
65, 1, 7, 5, 0.3854165, 0.5
66, 1, 7, 6, 0.366667, 0.5
67, 1, 7, 7, 0.3645835, 0.5
68, 1, 7, 8, 0.3833335, 0.5
69, 1, 7, 9, 0.375, 0.0
70, 1, 7, 10, 0.377083, 0.0
71, 1, 8, 1, 0.385417, 0.0
72, 1, 8, 2, 0.37083299999999997, 0.0
73, 1, 8, 3, 0.3833335, 0.5
74, 1, 8, 4, 0.3802085, 0.5
75, 1, 8, 5, 0.38125, 0.5
76, 1, 8, 6, 0.38125, 0.0
77, 1, 8, 7, 0.38125, 0.5
78, 1, 8, 8, 0.3822915, 0.5
79, 1, 8, 9, 0.378125, 0.5
80, 1, 8, 10, 0.37812500000000004, 0.0
81, 1, 9, 1, 0.375, 0.0
82, 1, 9, 2, 0.39375, 0.0
83, 1, 9, 3, 0.3614585, 1.0
84, 1, 9, 4, 0.36875, 0.0
85, 1, 9, 5, 0.3822915, 1.0
86, 1, 9, 6, 0.380208, 1.0
87, 1, 9, 7, 0.38645799999999997, 0.5
88, 1, 9, 8, 0.38645799999999997, 0.5
89, 1, 9, 9, 0.375, 0.0
90, 1, 9, 10, 0.378125, 1.0
91, 1, 10, 1, 0.364583, 0.0
92, 1, 10, 2, 0.3697915, 0.0
93, 1, 10, 3, 0.37916700000000003, 0.0
94, 1, 10, 4, 0.37916649999999996, 0.5
95, 1, 10, 5, 0.37395849999999997, 0.0
96, 1, 10, 6, 0.376042, 0.0
97, 1, 10, 7, 0.38125, 1.0
98, 1, 10, 8, 0.37187499999999996, 0.5
99, 1, 10, 9, 0.38749999999999996, 0.5
100, 1, 10, 10, 0.37916700000000003, 0.5
101, 2, 1, 1, 0.44375, 1.0
102, 2, 1, 2, 0.4260415, 0.0
103, 2, 1, 3, 0.428125, 0.0
104, 2, 1, 4, 0.416667, 0.0
105, 2, 1, 5, 0.43125, 0.5
106, 2, 1, 6, 0.419792, 1.0
107, 2, 1, 7, 0.40729150000000003, 0.5
108, 2, 1, 8, 0.40729150000000003, 1.0
109, 2, 1, 9, 0.435417, 0.0
110, 2, 1, 10, 0.4375, 0.5
111, 2, 2, 1, 0.42083349999999997, 0.5
112, 2, 2, 2, 0.4197915, 0.0
113, 2, 2, 3, 0.423958, 0.0
114, 2, 2, 4, 0.420833, 1.0
115, 2, 2, 5, 0.415625, 1.0
116, 2, 2, 6, 0.411458, 0.0
117, 2, 2, 7, 0.42291650000000003, 0.5
118, 2, 2, 8, 0.40729150000000003, 0.0
119, 2, 2, 9, 0.428125, 0.0
120, 2, 2, 10, 0.41354199999999997, 0.5
121, 2, 3, 1, 0.4197915, 0.5
122, 2, 3, 2, 0.41874999999999996, 0.0
123, 2, 3, 3, 0.420833, 0.0
124, 2, 3, 4, 0.415625, 0.0
125, 2, 3, 5, 0.4145835, 0.0
126, 2, 3, 6, 0.4270835, 0.0
127, 2, 3, 7, 0.432292, 0.0
128, 2, 3, 8, 0.420833, 0.0
129, 2, 3, 9, 0.4239585, 0.0
130, 2, 3, 10, 0.4177085, 0.0
131, 2, 4, 1, 0.4177085, 0.0
132, 2, 4, 2, 0.421875, 0.5
133, 2, 4, 3, 0.421875, 0.0
134, 2, 4, 4, 0.41145849999999995, 0.0
135, 2, 4, 5, 0.41770799999999997, 0.0
136, 2, 4, 6, 0.416667, 0.0
137, 2, 4, 7, 0.415625, 0.0
138, 2, 4, 8, 0.40520849999999997, 0.0
139, 2, 4, 9, 0.405208, 0.5
140, 2, 4, 10, 0.423958, 1.0
141, 2, 5, 1, 0.4197915, 0.0
142, 2, 5, 2, 0.42083349999999997, 0.0
143, 2, 5, 3, 0.4197915, 0.0
144, 2, 5, 4, 0.415625, 0.0
145, 2, 5, 5, 0.42083349999999997, 0.0
146, 2, 5, 6, 0.428125, 0.0
147, 2, 5, 7, 0.4166665, 0.5
148, 2, 5, 8, 0.423958, 0.5
149, 2, 5, 9, 0.40625, 0.0
150, 2, 5, 10, 0.409375, 0.0
151, 2, 6, 1, 0.391667, 0.0
152, 2, 6, 2, 0.425, 0.0
153, 2, 6, 3, 0.41770799999999997, 0.0
154, 2, 6, 4, 0.40729150000000003, 0.5
155, 2, 6, 5, 0.4291665, 1.0
156, 2, 6, 6, 0.425, 0.5
157, 2, 6, 7, 0.4145835, 0.0
158, 2, 6, 8, 0.425, 0.0
159, 2, 6, 9, 0.421875, 0.0
160, 2, 6, 10, 0.421875, 0.0
161, 2, 7, 1, 0.42916699999999997, 0.0
162, 2, 7, 2, 0.43437499999999996, 0.0
163, 2, 7, 3, 0.428125, 0.5
164, 2, 7, 4, 0.42083349999999997, 0.0
165, 2, 7, 5, 0.42291650000000003, 0.0
166, 2, 7, 6, 0.40729150000000003, 0.5
167, 2, 7, 7, 0.409375, 0.5
168, 2, 7, 8, 0.4041665, 0.0
169, 2, 7, 9, 0.42291650000000003, 0.5
170, 2, 7, 10, 0.4239585, 1.0
171, 2, 8, 1, 0.425, 1.0
172, 2, 8, 2, 0.4239585, 0.0
173, 2, 8, 3, 0.42604149999999996, 1.0
174, 2, 8, 4, 0.42916699999999997, 0.0
175, 2, 8, 5, 0.409375, 0.0
176, 2, 8, 6, 0.4302085, 0.0
177, 2, 8, 7, 0.42083349999999997, 0.0
178, 2, 8, 8, 0.4239585, 0.0
179, 2, 8, 9, 0.409375, 0.5
180, 2, 8, 10, 0.4197915, 0.0
181, 2, 9, 1, 0.4333335, 1.0
182, 2, 9, 2, 0.4270835, 0.0
183, 2, 9, 3, 0.42708349999999995, 0.0
184, 2, 9, 4, 0.4197915, 0.0
185, 2, 9, 5, 0.41145849999999995, 0.5
186, 2, 9, 6, 0.41041649999999996, 0.0
187, 2, 9, 7, 0.415625, 0.0
188, 2, 9, 8, 0.42083349999999997, 0.0
189, 2, 9, 9, 0.4145835, 0.0
190, 2, 9, 10, 0.42708349999999995, 0.0
191, 2, 10, 1, 0.4125, 0.0
192, 2, 10, 2, 0.4125, 0.0
193, 2, 10, 3, 0.416667, 0.0
194, 2, 10, 4, 0.41145849999999995, 0.5
195, 2, 10, 5, 0.40729150000000003, 0.0
196, 2, 10, 6, 0.427083, 0.0
197, 2, 10, 7, 0.40729150000000003, 0.0
198, 2, 10, 8, 0.4239585, 0.0
199, 2, 10, 9, 0.41874999999999996, 0.5
200, 2, 10, 10, 0.428125, 0.0
201, 3, 1, 1, 0.4395835, 0.5
202, 3, 1, 2, 0.4510415, 0.5
203, 3, 1, 3, 0.43854150000000003, 0.5
204, 3, 1, 4, 0.44895799999999997, 0.5
205, 3, 1, 5, 0.439583, 0.5
206, 3, 1, 6, 0.43125, 0.5
207, 3, 1, 7, 0.45208349999999997, 0.5
208, 3, 1, 8, 0.446875, 0.5
209, 3, 1, 9, 0.435417, 1.0
210, 3, 1, 10, 0.453125, 1.5
211, 3, 2, 1, 0.446875, 0.5
212, 3, 2, 2, 0.44375, 1.5
213, 3, 2, 3, 0.440625, 0.5
214, 3, 2, 4, 0.446875, 0.5
215, 3, 2, 5, 0.4322915, 0.5
216, 3, 2, 6, 0.45625000000000004, 1.0
217, 3, 2, 7, 0.43437499999999996, 0.5
218, 3, 2, 8, 0.459375, 0.5
219, 3, 2, 9, 0.43854150000000003, 0.5
220, 3, 2, 10, 0.459375, 1.5
221, 3, 3, 1, 0.453125, 0.5
222, 3, 3, 2, 0.421875, 1.5
223, 3, 3, 3, 0.432292, 0.5
224, 3, 3, 4, 0.452083, 0.5
225, 3, 3, 5, 0.440625, 0.5
226, 3, 3, 6, 0.43854150000000003, 0.5
227, 3, 3, 7, 0.4322915, 1.0
228, 3, 3, 8, 0.43437499999999996, 0.5
229, 3, 3, 9, 0.453125, 0.5
230, 3, 3, 10, 0.4395835, 0.5
231, 3, 4, 1, 0.4510415, 1.0
232, 3, 4, 2, 0.44375, 0.5
233, 3, 4, 3, 0.436458, 0.5
234, 3, 4, 4, 0.42916699999999997, 0.5
235, 3, 4, 5, 0.45, 0.5
236, 3, 4, 6, 0.44375, 0.5
237, 3, 4, 7, 0.434375, 0.5
238, 3, 4, 8, 0.4447915, 1.0
239, 3, 4, 9, 0.44166649999999996, 1.0
240, 3, 4, 10, 0.43125, 0.5
241, 3, 5, 1, 0.442708, 0.5
242, 3, 5, 2, 0.43854150000000003, 1.5
243, 3, 5, 3, 0.43645849999999997, 0.5
244, 3, 5, 4, 0.44062500000000004, 1.0
245, 3, 5, 5, 0.4375, 0.5
246, 3, 5, 6, 0.453125, 1.5
247, 3, 5, 7, 0.4510415, 0.5
248, 3, 5, 8, 0.4510415, 0.5
249, 3, 5, 9, 0.428125, 0.5
250, 3, 5, 10, 0.44270849999999995, 0.5
251, 3, 6, 1, 0.453125, 0.5
252, 3, 6, 2, 0.453125, 0.5
253, 3, 6, 3, 0.4375, 0.5
254, 3, 6, 4, 0.4458335, 0.5
255, 3, 6, 5, 0.44166700000000003, 0.5
256, 3, 6, 6, 0.4291665, 0.5
257, 3, 6, 7, 0.439583, 0.5
258, 3, 6, 8, 0.44375, 1.0
259, 3, 6, 9, 0.44062500000000004, 0.5
260, 3, 6, 10, 0.4479165, 0.5
261, 3, 7, 1, 0.4322915, 0.5
262, 3, 7, 2, 0.4270835, 1.0
263, 3, 7, 3, 0.4447915, 0.5
264, 3, 7, 4, 0.4260415, 1.5
265, 3, 7, 5, 0.435417, 0.5
266, 3, 7, 6, 0.4354165, 0.5
267, 3, 7, 7, 0.4395835, 1.5
268, 3, 7, 8, 0.45, 0.5
269, 3, 7, 9, 0.442708, 1.0
270, 3, 7, 10, 0.4552085, 1.0
271, 3, 8, 1, 0.4489585, 0.5
272, 3, 8, 2, 0.446875, 0.5
273, 3, 8, 3, 0.436458, 0.5
274, 3, 8, 4, 0.43437499999999996, 0.5
275, 3, 8, 5, 0.438542, 0.5
276, 3, 8, 6, 0.4395835, 1.0
277, 3, 8, 7, 0.4552085, 0.5
278, 3, 8, 8, 0.4489585, 0.5
279, 3, 8, 9, 0.453125, 0.5
280, 3, 8, 10, 0.43854150000000003, 0.5
281, 3, 9, 1, 0.436458, 0.5
282, 3, 9, 2, 0.4395835, 1.0
283, 3, 9, 3, 0.4354165, 0.5
284, 3, 9, 4, 0.44375, 0.5
285, 3, 9, 5, 0.44999999999999996, 0.5
286, 3, 9, 6, 0.4375, 0.5
287, 3, 9, 7, 0.43125, 0.5
288, 3, 9, 8, 0.442708, 0.5
289, 3, 9, 9, 0.4375, 1.0
290, 3, 9, 10, 0.4395835, 0.5
291, 3, 10, 1, 0.44375, 0.5
292, 3, 10, 2, 0.435417, 1.5
293, 3, 10, 3, 0.441667, 0.5
294, 3, 10, 4, 0.428125, 1.5
295, 3, 10, 5, 0.44375, 0.5
296, 3, 10, 6, 0.43645849999999997, 0.5
297, 3, 10, 7, 0.43125, 0.5
298, 3, 10, 8, 0.44895799999999997, 0.5
299, 3, 10, 9, 0.45416650000000003, 0.5
300, 3, 10, 10, 0.44479199999999997, 0.5
301, 4, 1, 1, 0.475, 0.5
302, 4, 1, 2, 0.46041699999999997, 1.0
303, 4, 1, 3, 0.47083300000000006, 0.5
304, 4, 1, 4, 0.46770849999999997, 0.5
305, 4, 1, 5, 0.4604165, 0.5
306, 4, 1, 6, 0.4697915, 0.5
307, 4, 1, 7, 0.4635415, 1.5
308, 4, 1, 8, 0.47395849999999995, 0.5
309, 4, 1, 9, 0.458333, 0.5
310, 4, 1, 10, 0.4427085, 0.5
311, 4, 2, 1, 0.47604199999999997, 0.5
312, 4, 2, 2, 0.459375, 1.0
313, 4, 2, 3, 0.4666665, 1.0
314, 4, 2, 4, 0.4666665, 0.5
315, 4, 2, 5, 0.451042, 1.0
316, 4, 2, 6, 0.45625, 1.5
317, 4, 2, 7, 0.463542, 0.5
318, 4, 2, 8, 0.45625000000000004, 1.0
319, 4, 2, 9, 0.4625, 0.5
320, 4, 2, 10, 0.45416650000000003, 0.5
321, 4, 3, 1, 0.465625, 0.5
322, 4, 3, 2, 0.46041699999999997, 1.0
323, 4, 3, 3, 0.465625, 0.5
324, 4, 3, 4, 0.464583, 0.5
325, 4, 3, 5, 0.465625, 0.5
326, 4, 3, 6, 0.4708335, 0.5
327, 4, 3, 7, 0.471875, 1.0
328, 4, 3, 8, 0.45, 1.0
329, 4, 3, 9, 0.46145800000000003, 1.0
330, 4, 3, 10, 0.459375, 0.5
331, 4, 4, 1, 0.4552085, 0.5
332, 4, 4, 2, 0.47187500000000004, 0.5
333, 4, 4, 3, 0.459375, 0.5
334, 4, 4, 4, 0.46875, 0.5
335, 4, 4, 5, 0.4625, 1.5
336, 4, 4, 6, 0.46666700000000005, 0.5
337, 4, 4, 7, 0.467708, 0.5
338, 4, 4, 8, 0.45, 1.0
339, 4, 4, 9, 0.4625, 0.5
340, 4, 4, 10, 0.463542, 0.5
341, 4, 5, 1, 0.47187500000000004, 0.5
342, 4, 5, 2, 0.467708, 1.0
343, 4, 5, 3, 0.4625, 1.0
344, 4, 5, 4, 0.48333349999999997, 0.5
345, 4, 5, 5, 0.46875, 0.5
346, 4, 5, 6, 0.453125, 0.5
347, 4, 5, 7, 0.47604199999999997, 0.5
348, 4, 5, 8, 0.46354150000000005, 0.5
349, 4, 5, 9, 0.4583335, 1.0
350, 4, 5, 10, 0.4552085, 0.5
351, 4, 6, 1, 0.446875, 1.0
352, 4, 6, 2, 0.47708300000000003, 1.5
353, 4, 6, 3, 0.458333, 1.5
354, 4, 6, 4, 0.45, 1.0
355, 4, 6, 5, 0.4625, 0.5
356, 4, 6, 6, 0.446875, 1.0
357, 4, 6, 7, 0.45729200000000003, 0.5
358, 4, 6, 8, 0.46145800000000003, 1.5
359, 4, 6, 9, 0.465625, 0.5
360, 4, 6, 10, 0.46354150000000005, 0.5
361, 4, 7, 1, 0.44895850000000004, 0.5
362, 4, 7, 2, 0.46145800000000003, 0.5
363, 4, 7, 3, 0.458333, 1.5
364, 4, 7, 4, 0.4677085, 1.0
365, 4, 7, 5, 0.4572915, 1.0
366, 4, 7, 6, 0.4583335, 0.5
367, 4, 7, 7, 0.469792, 0.5
368, 4, 7, 8, 0.44375, 0.5
369, 4, 7, 9, 0.4479165, 0.5
370, 4, 7, 10, 0.47187500000000004, 0.5
371, 4, 8, 1, 0.44895850000000004, 0.5
372, 4, 8, 2, 0.46354150000000005, 0.5
373, 4, 8, 3, 0.46145800000000003, 0.5
374, 4, 8, 4, 0.45, 1.0
375, 4, 8, 5, 0.46458299999999997, 0.5
376, 4, 8, 6, 0.4489585, 0.5
377, 4, 8, 7, 0.46666700000000005, 0.5
378, 4, 8, 8, 0.465625, 0.5
379, 4, 8, 9, 0.475, 0.5
380, 4, 8, 10, 0.46354150000000005, 1.0
381, 4, 9, 1, 0.4614585, 1.5
382, 4, 9, 2, 0.4552085, 0.5
383, 4, 9, 3, 0.459375, 0.5
384, 4, 9, 4, 0.475, 0.5
385, 4, 9, 5, 0.46458350000000004, 0.5
386, 4, 9, 6, 0.4604165, 0.5
387, 4, 9, 7, 0.4635415, 0.5
388, 4, 9, 8, 0.45625000000000004, 1.0
389, 4, 9, 9, 0.46458350000000004, 0.5
390, 4, 9, 10, 0.463542, 0.5
391, 4, 10, 1, 0.45208349999999997, 0.5
392, 4, 10, 2, 0.47708300000000003, 1.5
393, 4, 10, 3, 0.4583335, 0.5
394, 4, 10, 4, 0.46979150000000003, 0.5
395, 4, 10, 5, 0.460417, 0.5
396, 4, 10, 6, 0.4604165, 0.5
397, 4, 10, 7, 0.446875, 0.5
398, 4, 10, 8, 0.4552085, 0.5
399, 4, 10, 9, 0.4625, 0.5
400, 4, 10, 10, 0.466667, 0.5
401, 5, 1, 1, 0.482255, 0.5
402, 5, 1, 2, 0.49060499999999996, 1.0
403, 5, 1, 3, 0.4812105, 1.5
404, 5, 1, 4, 0.4697285, 0.5
405, 5, 1, 5, 0.46868449999999995, 0.5
406, 5, 1, 6, 0.46868449999999995, 0.5
407, 5, 1, 7, 0.475992, 0.5
408, 5, 1, 8, 0.48643000000000003, 0.5
409, 5, 1, 9, 0.4759915, 0.5
410, 5, 1, 10, 0.485386, 1.0
411, 5, 2, 1, 0.4832985, 0.5
412, 5, 2, 2, 0.47807900000000003, 0.5
413, 5, 2, 3, 0.4697285, 1.5
414, 5, 2, 4, 0.46659700000000004, 0.5
415, 5, 2, 5, 0.487474, 0.5
416, 5, 2, 6, 0.48747399999999996, 0.5
417, 5, 2, 7, 0.4791235, 1.0
418, 5, 2, 8, 0.4780795, 0.5
419, 5, 2, 9, 0.47494800000000004, 0.5
420, 5, 2, 10, 0.46659700000000004, 1.0
421, 5, 3, 1, 0.48329849999999996, 0.5
422, 5, 3, 2, 0.485386, 0.5
423, 5, 3, 3, 0.48329849999999996, 0.5
424, 5, 3, 4, 0.47494749999999997, 0.5
425, 5, 3, 5, 0.47285999999999995, 0.5
426, 5, 3, 6, 0.48225450000000003, 0.5
427, 5, 3, 7, 0.4770355, 0.5
428, 5, 3, 8, 0.480167, 0.5
429, 5, 3, 9, 0.47703549999999995, 1.0
430, 5, 3, 10, 0.467641, 0.5
431, 5, 4, 1, 0.473904, 0.5
432, 5, 4, 2, 0.47912299999999997, 0.5
433, 5, 4, 3, 0.48643000000000003, 0.5
434, 5, 4, 4, 0.4853865, 0.5
435, 5, 4, 5, 0.48643000000000003, 0.5
436, 5, 4, 6, 0.47285999999999995, 0.5
437, 5, 4, 7, 0.482255, 0.5
438, 5, 4, 8, 0.48121099999999994, 0.5
439, 5, 4, 9, 0.471816, 0.5
440, 5, 4, 10, 0.48747399999999996, 0.5
441, 5, 5, 1, 0.487474, 0.5
442, 5, 5, 2, 0.47077250000000004, 0.5
443, 5, 5, 3, 0.482255, 0.5
444, 5, 5, 4, 0.480167, 0.5
445, 5, 5, 5, 0.473904, 1.0
446, 5, 5, 6, 0.48225450000000003, 0.5
447, 5, 5, 7, 0.473904, 0.5
448, 5, 5, 8, 0.47807900000000003, 0.5
449, 5, 5, 9, 0.48225450000000003, 0.5
450, 5, 5, 10, 0.47494749999999997, 1.0
451, 5, 6, 1, 0.4780795, 0.5
452, 5, 6, 2, 0.48225450000000003, 0.5
453, 5, 6, 3, 0.497912, 0.5
454, 5, 6, 4, 0.47912299999999997, 0.5
455, 5, 6, 5, 0.466597, 0.5
456, 5, 6, 6, 0.465553, 0.5
457, 5, 6, 7, 0.4843425, 0.5
458, 5, 6, 8, 0.47807900000000003, 0.5
459, 5, 6, 9, 0.4906055, 0.5
460, 5, 6, 10, 0.4853865, 0.5
461, 5, 7, 1, 0.4791235, 0.5
462, 5, 7, 2, 0.474948, 1.5
463, 5, 7, 3, 0.48851750000000005, 0.5
464, 5, 7, 4, 0.473904, 0.5
465, 5, 7, 5, 0.4791235, 0.5
466, 5, 7, 6, 0.46137799999999995, 0.5
467, 5, 7, 7, 0.47807900000000003, 0.5
468, 5, 7, 8, 0.4812105, 0.5
469, 5, 7, 9, 0.47912299999999997, 0.5
470, 5, 7, 10, 0.473904, 0.5
471, 5, 8, 1, 0.461378, 0.5
472, 5, 8, 2, 0.48329849999999996, 0.5
473, 5, 8, 3, 0.48329849999999996, 0.5
474, 5, 8, 4, 0.4728605, 0.5
475, 5, 8, 5, 0.473904, 1.0
476, 5, 8, 6, 0.471816, 0.5
477, 5, 8, 7, 0.4843425, 0.5
478, 5, 8, 8, 0.482255, 0.5
479, 5, 8, 9, 0.48851750000000005, 0.5
480, 5, 8, 10, 0.480167, 1.0
481, 5, 9, 1, 0.482255, 0.5
482, 5, 9, 2, 0.4780795, 0.5
483, 5, 9, 3, 0.48643000000000003, 0.5
484, 5, 9, 4, 0.4718165, 0.5
485, 5, 9, 5, 0.47599199999999997, 0.5
486, 5, 9, 6, 0.47494800000000004, 0.5
487, 5, 9, 7, 0.4718165, 0.5
488, 5, 9, 8, 0.4645095, 0.5
489, 5, 9, 9, 0.473904, 0.5
490, 5, 9, 10, 0.474948, 0.5
491, 5, 10, 1, 0.4780795, 0.5
492, 5, 10, 2, 0.487474, 1.0
493, 5, 10, 3, 0.47494749999999997, 1.0
494, 5, 10, 4, 0.48329849999999996, 0.5
495, 5, 10, 5, 0.474948, 1.0
496, 5, 10, 6, 0.4645095, 0.5
497, 5, 10, 7, 0.47077250000000004, 0.5
498, 5, 10, 8, 0.48329849999999996, 0.5
499, 5, 10, 9, 0.4916495, 0.5
500, 5, 10, 10, 0.4780795, 0.5
501, 6, 1, 1, 0.480167, 0.0
502, 6, 1, 2, 0.48225450000000003, 0.0
503, 6, 1, 3, 0.480167, 0.0
504, 6, 1, 4, 0.48225450000000003, 0.0
505, 6, 1, 5, 0.4843425, 0.5
506, 6, 1, 6, 0.4874735, 0.5
507, 6, 1, 7, 0.4780795, 0.0
508, 6, 1, 8, 0.48225450000000003, 0.5
509, 6, 1, 9, 0.48329849999999996, 0.0
510, 6, 1, 10, 0.4853865, 0.0
511, 6, 2, 1, 0.4676405, 0.0
512, 6, 2, 2, 0.473904, 0.0
513, 6, 2, 3, 0.4697285, 1.0
514, 6, 2, 4, 0.4832985, 0.0
515, 6, 2, 5, 0.4780795, 0.0
516, 6, 2, 6, 0.47077250000000004, 0.5
517, 6, 2, 7, 0.4791235, 0.0
518, 6, 2, 8, 0.4676405, 0.5
519, 6, 2, 9, 0.4759915, 0.0
520, 6, 2, 10, 0.480167, 0.0
521, 6, 3, 1, 0.4780795, 0.5
522, 6, 3, 2, 0.467641, 0.5
523, 6, 3, 3, 0.4843425, 0.0
524, 6, 3, 4, 0.4780795, 0.5
525, 6, 3, 5, 0.480167, 0.5
526, 6, 3, 6, 0.49060499999999996, 0.0
527, 6, 3, 7, 0.488518, 0.0
528, 6, 3, 8, 0.47494800000000004, 0.0
529, 6, 3, 9, 0.488518, 0.0
530, 6, 3, 10, 0.4655535, 0.0
531, 6, 4, 1, 0.47494800000000004, 0.0
532, 6, 4, 2, 0.47285999999999995, 0.0
533, 6, 4, 3, 0.4770355, 0.0
534, 6, 4, 4, 0.47077250000000004, 0.0
535, 6, 4, 5, 0.480167, 0.0
536, 6, 4, 6, 0.4759915, 0.5
537, 6, 4, 7, 0.4780795, 0.0
538, 6, 4, 8, 0.47494800000000004, 0.5
539, 6, 4, 9, 0.480167, 0.0
540, 6, 4, 10, 0.4759915, 0.0
541, 6, 5, 1, 0.47703549999999995, 0.0
542, 6, 5, 2, 0.48747399999999996, 0.0
543, 6, 5, 3, 0.488518, 0.0
544, 6, 5, 4, 0.466597, 0.0
545, 6, 5, 5, 0.4812105, 0.0
546, 6, 5, 6, 0.4728605, 0.0
547, 6, 5, 7, 0.48643000000000003, 0.0
548, 6, 5, 8, 0.47912299999999997, 0.0
549, 6, 5, 9, 0.4686845, 0.0
550, 6, 5, 10, 0.47599199999999997, 0.0
551, 6, 6, 1, 0.47912299999999997, 0.0
552, 6, 6, 2, 0.4728605, 0.0
553, 6, 6, 3, 0.4843425, 0.0
554, 6, 6, 4, 0.48329849999999996, 0.0
555, 6, 6, 5, 0.480167, 0.0
556, 6, 6, 6, 0.47494749999999997, 0.0
557, 6, 6, 7, 0.4906055, 0.0
558, 6, 6, 8, 0.473904, 0.5
559, 6, 6, 9, 0.488518, 0.0
560, 6, 6, 10, 0.481211, 0.0
561, 6, 7, 1, 0.474948, 0.0
562, 6, 7, 2, 0.48121099999999994, 0.5
563, 6, 7, 3, 0.461378, 0.0
564, 6, 7, 4, 0.47494800000000004, 0.0
565, 6, 7, 5, 0.4895615, 0.0
566, 6, 7, 6, 0.48225450000000003, 0.0
567, 6, 7, 7, 0.4843425, 0.5
568, 6, 7, 8, 0.48851749999999994, 0.0
569, 6, 7, 9, 0.480167, 0.0
570, 6, 7, 10, 0.491649, 1.0
571, 6, 8, 1, 0.4759915, 0.0
572, 6, 8, 2, 0.481211, 0.0
573, 6, 8, 3, 0.4551145, 1.0
574, 6, 8, 4, 0.48121099999999994, 0.0
575, 6, 8, 5, 0.47286000000000006, 0.0
576, 6, 8, 6, 0.48747399999999996, 0.0
577, 6, 8, 7, 0.480167, 0.0
578, 6, 8, 8, 0.48225450000000003, 0.5
579, 6, 8, 9, 0.481211, 0.0
580, 6, 8, 10, 0.4697285, 0.0
581, 6, 9, 1, 0.4843425, 0.5
582, 6, 9, 2, 0.4697285, 0.0
583, 6, 9, 3, 0.48434200000000005, 0.0
584, 6, 9, 4, 0.47807900000000003, 0.0
585, 6, 9, 5, 0.47912299999999997, 0.0
586, 6, 9, 6, 0.473904, 0.0
587, 6, 9, 7, 0.47807900000000003, 0.0
588, 6, 9, 8, 0.485386, 0.0
589, 6, 9, 9, 0.491649, 0.0
590, 6, 9, 10, 0.48329849999999996, 0.0
591, 6, 10, 1, 0.48121099999999994, 0.0
592, 6, 10, 2, 0.47285999999999995, 0.0
593, 6, 10, 3, 0.4895615, 1.0
594, 6, 10, 4, 0.4759915, 0.0
595, 6, 10, 5, 0.4697285, 0.0
596, 6, 10, 6, 0.493737, 0.0
597, 6, 10, 7, 0.468685, 0.0
598, 6, 10, 8, 0.4853865, 0.5
599, 6, 10, 9, 0.4937365, 0.0
600, 6, 10, 10, 0.4832985, 0.0
601, 7, 1, 1, 0.5073225, 0.5
602, 7, 1, 2, 0.5188285, 0.5
603, 7, 1, 3, 0.498954, 0.5
604, 7, 1, 4, 0.49372399999999994, 0.5
605, 7, 1, 5, 0.5104605, 0.5
606, 7, 1, 6, 0.495816, 0.5
607, 7, 1, 7, 0.5073219999999999, 0.5
608, 7, 1, 8, 0.5073225, 0.5
609, 7, 1, 9, 0.497908, 0.5
610, 7, 1, 10, 0.5188285, 0.5
611, 7, 2, 1, 0.501046, 0.5
612, 7, 2, 2, 0.5062765, 0.5
613, 7, 2, 3, 0.5, 0.5
614, 7, 2, 4, 0.5115065, 0.5
615, 7, 2, 5, 0.5073225, 0.5
616, 7, 2, 6, 0.5115065, 0.5
617, 7, 2, 7, 0.504184, 0.5
618, 7, 2, 8, 0.5052305, 0.5
619, 7, 2, 9, 0.5052305, 0.5
620, 7, 2, 10, 0.5146445, 0.5
621, 7, 3, 1, 0.5115065, 0.5
622, 7, 3, 2, 0.5115065000000001, 0.5
623, 7, 3, 3, 0.5031384999999999, 0.5
624, 7, 3, 4, 0.5135985000000001, 0.5
625, 7, 3, 5, 0.5198745, 0.5
626, 7, 3, 6, 0.5073225, 0.5
627, 7, 3, 7, 0.503138, 0.5
628, 7, 3, 8, 0.498954, 0.5
629, 7, 3, 9, 0.5146445, 0.5
630, 7, 3, 10, 0.5156905, 0.5
631, 7, 4, 1, 0.5, 0.5
632, 7, 4, 2, 0.5104605, 0.5
633, 7, 4, 3, 0.5167364999999999, 0.5
634, 7, 4, 4, 0.5010465, 0.5
635, 7, 4, 5, 0.504184, 0.5
636, 7, 4, 6, 0.5209205, 0.5
637, 7, 4, 7, 0.5094145, 0.5
638, 7, 4, 8, 0.524059, 0.5
639, 7, 4, 9, 0.49477, 0.5
640, 7, 4, 10, 0.524059, 0.5
641, 7, 5, 1, 0.5115065000000001, 0.5
642, 7, 5, 2, 0.5125525, 0.5
643, 7, 5, 3, 0.5083685, 0.5
644, 7, 5, 4, 0.5115065, 0.5
645, 7, 5, 5, 0.5083685, 0.5
646, 7, 5, 6, 0.5062765, 0.5
647, 7, 5, 7, 0.50523, 0.5
648, 7, 5, 8, 0.5083685, 0.5
649, 7, 5, 9, 0.5135985000000001, 0.5
650, 7, 5, 10, 0.5083685, 0.5
651, 7, 6, 1, 0.5135985000000001, 0.5
652, 7, 6, 2, 0.5104605, 0.5
653, 7, 6, 3, 0.5073225, 0.5
654, 7, 6, 4, 0.5083685, 0.5
655, 7, 6, 5, 0.5, 0.5
656, 7, 6, 6, 0.503138, 0.5
657, 7, 6, 7, 0.49895349999999994, 0.5
658, 7, 6, 8, 0.5125525, 0.5
659, 7, 6, 9, 0.5135985000000001, 0.5
660, 7, 6, 10, 0.5073225, 0.5
661, 7, 7, 1, 0.5, 0.5
662, 7, 7, 2, 0.5115065, 0.5
663, 7, 7, 3, 0.5, 0.5
664, 7, 7, 4, 0.5198745, 0.5
665, 7, 7, 5, 0.5177825, 0.5
666, 7, 7, 6, 0.5156905, 0.5
667, 7, 7, 7, 0.49895349999999994, 0.5
668, 7, 7, 8, 0.5125525, 0.5
669, 7, 7, 9, 0.5062765, 0.5
670, 7, 7, 10, 0.5230125, 0.5
671, 7, 8, 1, 0.5031384999999999, 0.5
672, 7, 8, 2, 0.498954, 0.5
673, 7, 8, 3, 0.5135985000000001, 0.5
674, 7, 8, 4, 0.5115065, 0.5
675, 7, 8, 5, 0.5052304999999999, 0.5
676, 7, 8, 6, 0.5167364999999999, 0.5
677, 7, 8, 7, 0.506276, 0.5
678, 7, 8, 8, 0.5, 0.5
679, 7, 8, 9, 0.501046, 0.5
680, 7, 8, 10, 0.5062765, 0.5
681, 7, 9, 1, 0.5146445, 0.5
682, 7, 9, 2, 0.49372399999999994, 0.5
683, 7, 9, 3, 0.50523, 0.5
684, 7, 9, 4, 0.5062765, 0.5
685, 7, 9, 5, 0.5, 0.5
686, 7, 9, 6, 0.5094145, 0.5
687, 7, 9, 7, 0.509414, 0.5
688, 7, 9, 8, 0.5146445, 0.5
689, 7, 9, 9, 0.5062765, 0.5
690, 7, 9, 10, 0.5104605, 0.5
691, 7, 10, 1, 0.501046, 0.5
692, 7, 10, 2, 0.496862, 0.5
693, 7, 10, 3, 0.5198745, 0.5
694, 7, 10, 4, 0.5031385, 0.5
695, 7, 10, 5, 0.509414, 0.5
696, 7, 10, 6, 0.5115065, 0.5
697, 7, 10, 7, 0.502092, 0.5
698, 7, 10, 8, 0.5104605, 0.5
699, 7, 10, 9, 0.5209205, 0.5
700, 7, 10, 10, 0.5188285, 0.5
701, 8, 1, 1, 0.538784, 0.5
702, 8, 1, 2, 0.5513625, 0.5
703, 8, 1, 3, 0.5377355, 0.5
704, 8, 1, 4, 0.5513625, 0.5
705, 8, 1, 5, 0.5545074999999999, 0.5
706, 8, 1, 6, 0.552411, 0.5
707, 8, 1, 7, 0.5545070000000001, 0.5
708, 8, 1, 8, 0.5492665000000001, 0.5
709, 8, 1, 9, 0.537736, 0.5
710, 8, 1, 10, 0.5471699999999999, 0.5
711, 8, 2, 1, 0.5450735, 0.5
712, 8, 2, 2, 0.544025, 0.5
713, 8, 2, 3, 0.544025, 0.5
714, 8, 2, 4, 0.552411, 0.5
715, 8, 2, 5, 0.546122, 0.5
716, 8, 2, 6, 0.534591, 0.5
717, 8, 2, 7, 0.5513625, 0.5
718, 8, 2, 8, 0.544025, 0.5
719, 8, 2, 9, 0.5503145, 0.5
720, 8, 2, 10, 0.5482184999999999, 0.5
721, 8, 3, 1, 0.5513625, 0.5
722, 8, 3, 2, 0.5492665000000001, 0.5
723, 8, 3, 3, 0.549266, 0.5
724, 8, 3, 4, 0.5408805000000001, 0.5
725, 8, 3, 5, 0.5408805000000001, 0.5
726, 8, 3, 6, 0.54717, 0.5
727, 8, 3, 7, 0.5408805000000001, 0.5
728, 8, 3, 8, 0.553459, 0.5
729, 8, 3, 9, 0.544025, 0.5
730, 8, 3, 10, 0.5440255, 0.5
731, 8, 4, 1, 0.5503145, 0.5
732, 8, 4, 2, 0.5461215, 0.5
733, 8, 4, 3, 0.5471695000000001, 0.5
734, 8, 4, 4, 0.5503145, 0.5
735, 8, 4, 5, 0.54717, 0.5
736, 8, 4, 6, 0.5408805000000001, 0.5
737, 8, 4, 7, 0.5513625, 0.5
738, 8, 4, 8, 0.5607965, 0.5
739, 8, 4, 9, 0.5461215, 0.5
740, 8, 4, 10, 0.5471699999999999, 0.5
741, 8, 5, 1, 0.5398325, 0.5
742, 8, 5, 2, 0.544025, 0.5
743, 8, 5, 3, 0.553459, 0.5
744, 8, 5, 4, 0.5492665000000001, 0.5
745, 8, 5, 5, 0.5440255, 0.5
746, 8, 5, 6, 0.537736, 0.5
747, 8, 5, 7, 0.5461215, 0.5
748, 8, 5, 8, 0.552411, 0.5
749, 8, 5, 9, 0.5503145, 0.5
750, 8, 5, 10, 0.5534595, 0.5
751, 8, 6, 1, 0.544025, 0.5
752, 8, 6, 2, 0.54717, 0.5
753, 8, 6, 3, 0.545073, 0.5
754, 8, 6, 4, 0.5513625, 0.5
755, 8, 6, 5, 0.5398324999999999, 0.5
756, 8, 6, 6, 0.532495, 0.5
757, 8, 6, 7, 0.5618445000000001, 0.5
758, 8, 6, 8, 0.544025, 0.5
759, 8, 6, 9, 0.5513625, 0.5
760, 8, 6, 10, 0.5387845, 0.5
761, 8, 7, 1, 0.5408805000000001, 0.5
762, 8, 7, 2, 0.5419285, 0.5
763, 8, 7, 3, 0.5461215, 0.5
764, 8, 7, 4, 0.542977, 0.5
765, 8, 7, 5, 0.5366875, 0.5
766, 8, 7, 6, 0.542977, 0.5
767, 8, 7, 7, 0.5503145, 0.5
768, 8, 7, 8, 0.537736, 0.5
769, 8, 7, 9, 0.546122, 0.5
770, 8, 7, 10, 0.546122, 0.5
771, 8, 8, 1, 0.5450735, 0.5
772, 8, 8, 2, 0.5482180000000001, 0.5
773, 8, 8, 3, 0.553459, 0.5
774, 8, 8, 4, 0.5492665000000001, 0.5
775, 8, 8, 5, 0.5555555000000001, 0.5
776, 8, 8, 6, 0.557652, 0.5
777, 8, 8, 7, 0.5513625, 0.5
778, 8, 8, 8, 0.5408805000000001, 0.5
779, 8, 8, 9, 0.5639415000000001, 0.5
780, 8, 8, 10, 0.5545074999999999, 0.5
781, 8, 9, 1, 0.5461215, 0.5
782, 8, 9, 2, 0.5545074999999999, 0.5
783, 8, 9, 3, 0.544025, 0.5
784, 8, 9, 4, 0.5419285, 0.5
785, 8, 9, 5, 0.553459, 0.5
786, 8, 9, 6, 0.5408805000000001, 0.5
787, 8, 9, 7, 0.5461215, 0.5
788, 8, 9, 8, 0.5513625, 0.5
789, 8, 9, 9, 0.534591, 0.5
790, 8, 9, 10, 0.5492665, 0.5
791, 8, 10, 1, 0.553459, 0.5
792, 8, 10, 2, 0.553459, 0.5
793, 8, 10, 3, 0.5429765, 0.5
794, 8, 10, 4, 0.542977, 0.5
795, 8, 10, 5, 0.5618449999999999, 0.5
796, 8, 10, 6, 0.5566040000000001, 0.5
797, 8, 10, 7, 0.5482180000000001, 0.5
798, 8, 10, 8, 0.5335430000000001, 0.5
799, 8, 10, 9, 0.542977, 0.5
800, 8, 10, 10, 0.5534595, 0.5
801, 9, 1, 1, 0.5167715, 0.0
802, 9, 1, 2, 0.5262055, 0.0
803, 9, 1, 3, 0.5209645, 0.0
804, 9, 1, 4, 0.5209645, 0.0
805, 9, 1, 5, 0.524109, 0.0
806, 9, 1, 6, 0.5209645, 0.0
807, 9, 1, 7, 0.5136270000000001, 0.0
808, 9, 1, 8, 0.518868, 0.0
809, 9, 1, 9, 0.5167715, 0.0
810, 9, 1, 10, 0.5209645, 0.0
811, 9, 2, 1, 0.5115305, 0.0
812, 9, 2, 2, 0.5293505000000001, 0.0
813, 9, 2, 3, 0.5125785, 0.0
814, 9, 2, 4, 0.533543, 0.0
815, 9, 2, 5, 0.524109, 0.0
816, 9, 2, 6, 0.523061, 0.0
817, 9, 2, 7, 0.525157, 0.0
818, 9, 2, 8, 0.5136270000000001, 0.0
819, 9, 2, 9, 0.518868, 0.0
820, 9, 2, 10, 0.5209645, 0.0
821, 9, 3, 1, 0.538784, 0.0
822, 9, 3, 2, 0.5303985, 0.0
823, 9, 3, 3, 0.5178195, 0.0
824, 9, 3, 4, 0.5220130000000001, 0.0
825, 9, 3, 5, 0.5199165, 0.0
826, 9, 3, 6, 0.518868, 0.0
827, 9, 3, 7, 0.5272535, 0.0
828, 9, 3, 8, 0.5209645, 0.0
829, 9, 3, 9, 0.534591, 0.0
830, 9, 3, 10, 0.5178195, 0.0
831, 9, 4, 1, 0.5220125, 0.0
832, 9, 4, 2, 0.5199165, 0.0
833, 9, 4, 3, 0.509434, 0.0
834, 9, 4, 4, 0.5178200000000001, 0.0
835, 9, 4, 5, 0.5251575, 0.0
836, 9, 4, 6, 0.5136270000000001, 0.0
837, 9, 4, 7, 0.524109, 0.0
838, 9, 4, 8, 0.5209645, 0.0
839, 9, 4, 9, 0.520964, 0.0
840, 9, 4, 10, 0.5178195, 0.0
841, 9, 5, 1, 0.514675, 0.0
842, 9, 5, 2, 0.5303985, 0.0
843, 9, 5, 3, 0.5167715, 0.0
844, 9, 5, 4, 0.523061, 0.0
845, 9, 5, 5, 0.528302, 0.0
846, 9, 5, 6, 0.5251575, 0.0
847, 9, 5, 7, 0.5125785, 0.0
848, 9, 5, 8, 0.5167715, 0.0
849, 9, 5, 9, 0.5178195, 0.0
850, 9, 5, 10, 0.5178195, 0.0
851, 9, 6, 1, 0.525157, 0.0
852, 9, 6, 2, 0.532495, 0.0
853, 9, 6, 3, 0.5052415, 0.0
854, 9, 6, 4, 0.5440255, 0.0
855, 9, 6, 5, 0.5115305, 0.0
856, 9, 6, 6, 0.527254, 0.0
857, 9, 6, 7, 0.5262055, 0.0
858, 9, 6, 8, 0.518868, 0.0
859, 9, 6, 9, 0.525157, 0.0
860, 9, 6, 10, 0.5230605, 0.0
861, 9, 7, 1, 0.5220125, 0.0
862, 9, 7, 2, 0.533543, 0.0
863, 9, 7, 3, 0.5303985, 0.0
864, 9, 7, 4, 0.5209645, 0.0
865, 9, 7, 5, 0.5199165, 0.0
866, 9, 7, 6, 0.5136270000000001, 0.0
867, 9, 7, 7, 0.5262055, 0.0
868, 9, 7, 8, 0.5303985, 0.0
869, 9, 7, 9, 0.5115305, 0.0
870, 9, 7, 10, 0.5157235, 0.0
871, 9, 8, 1, 0.5178195, 0.0
872, 9, 8, 2, 0.524109, 0.0
873, 9, 8, 3, 0.5230605, 0.0
874, 9, 8, 4, 0.5303985, 0.0
875, 9, 8, 5, 0.510482, 0.0
876, 9, 8, 6, 0.5209645, 0.0
877, 9, 8, 7, 0.524109, 0.0
878, 9, 8, 8, 0.5178200000000001, 0.0
879, 9, 8, 9, 0.5115305, 0.0
880, 9, 8, 10, 0.524109, 0.0
881, 9, 9, 1, 0.515723, 0.0
882, 9, 9, 2, 0.5251575, 0.0
883, 9, 9, 3, 0.5167715, 0.0
884, 9, 9, 4, 0.5167715, 0.0
885, 9, 9, 5, 0.5199165, 0.0
886, 9, 9, 6, 0.518868, 0.0
887, 9, 9, 7, 0.5209645, 0.0
888, 9, 9, 8, 0.512579, 0.0
889, 9, 9, 9, 0.5324945, 0.0
890, 9, 9, 10, 0.5314465, 0.0
891, 9, 10, 1, 0.528302, 0.0
892, 9, 10, 2, 0.518868, 0.0
893, 9, 10, 3, 0.5209645, 0.0
894, 9, 10, 4, 0.5157235, 0.0
895, 9, 10, 5, 0.5209645, 0.0
896, 9, 10, 6, 0.5178200000000001, 0.0
897, 9, 10, 7, 0.5136270000000001, 0.0
898, 9, 10, 8, 0.531447, 0.0
899, 9, 10, 9, 0.528302, 0.0
900, 9, 10, 10, 0.5073375, 0.0
901, 10, 1, 1, 0.551579, 0.0
902, 10, 1, 2, 0.54, 0.0
903, 10, 1, 3, 0.5389470000000001, 0.0
904, 10, 1, 4, 0.5389475, 0.0
905, 10, 1, 5, 0.5252635, 0.0
906, 10, 1, 6, 0.5368425, 0.0
907, 10, 1, 7, 0.5473685, 0.0
908, 10, 1, 8, 0.5410525, 0.0
909, 10, 1, 9, 0.5473685, 0.0
910, 10, 1, 10, 0.545263, 0.0
911, 10, 2, 1, 0.5357895, 0.0
912, 10, 2, 2, 0.533684, 0.0
913, 10, 2, 3, 0.5442104999999999, 0.0
914, 10, 2, 4, 0.528421, 0.0
915, 10, 2, 5, 0.5336845, 0.0
916, 10, 2, 6, 0.5336845, 0.0
917, 10, 2, 7, 0.536842, 0.0
918, 10, 2, 8, 0.5326315, 0.0
919, 10, 2, 9, 0.5378945, 0.0
920, 10, 2, 10, 0.546316, 0.0
921, 10, 3, 1, 0.551579, 0.0
922, 10, 3, 2, 0.5326314999999999, 0.0
923, 10, 3, 3, 0.5242105, 0.0
924, 10, 3, 4, 0.549474, 0.0
925, 10, 3, 5, 0.529474, 0.0
926, 10, 3, 6, 0.5389475, 0.0
927, 10, 3, 7, 0.531579, 0.0
928, 10, 3, 8, 0.536842, 0.0
929, 10, 3, 9, 0.5421055, 0.0
930, 10, 3, 10, 0.5421055, 0.0
931, 10, 4, 1, 0.534737, 0.0
932, 10, 4, 2, 0.54, 0.0
933, 10, 4, 3, 0.5431575, 0.0
934, 10, 4, 4, 0.5305265, 0.0
935, 10, 4, 5, 0.5431575, 0.0
936, 10, 4, 6, 0.543158, 0.0
937, 10, 4, 7, 0.531579, 0.0
938, 10, 4, 8, 0.5473685, 0.0
939, 10, 4, 9, 0.54, 0.0
940, 10, 4, 10, 0.534737, 0.0
941, 10, 5, 1, 0.534737, 0.0
942, 10, 5, 2, 0.5410524999999999, 0.0
943, 10, 5, 3, 0.525263, 0.0
944, 10, 5, 4, 0.5410525, 0.0
945, 10, 5, 5, 0.5505265, 0.0
946, 10, 5, 6, 0.5473685, 0.0
947, 10, 5, 7, 0.549474, 0.0
948, 10, 5, 8, 0.5389475, 0.0
949, 10, 5, 9, 0.516842, 0.0
950, 10, 5, 10, 0.514737, 0.0
951, 10, 6, 1, 0.5557895, 0.0
952, 10, 6, 2, 0.5505260000000001, 0.0
953, 10, 6, 3, 0.5410524999999999, 0.0
954, 10, 6, 4, 0.5389475, 0.0
955, 10, 6, 5, 0.534737, 0.0
956, 10, 6, 6, 0.54, 0.0
957, 10, 6, 7, 0.541053, 0.0
958, 10, 6, 8, 0.5473685, 0.0
959, 10, 6, 9, 0.531579, 0.0
960, 10, 6, 10, 0.5273685, 0.0
961, 10, 7, 1, 0.545263, 0.0
962, 10, 7, 2, 0.5294734999999999, 0.0
963, 10, 7, 3, 0.5357894999999999, 0.0
964, 10, 7, 4, 0.545263, 0.0
965, 10, 7, 5, 0.536842, 0.0
966, 10, 7, 6, 0.5326315, 0.0
967, 10, 7, 7, 0.5273685, 0.0
968, 10, 7, 8, 0.543158, 0.0
969, 10, 7, 9, 0.532632, 0.0
970, 10, 7, 10, 0.5389475, 0.0
971, 10, 8, 1, 0.536842, 0.0
972, 10, 8, 2, 0.530526, 0.0
973, 10, 8, 3, 0.5326314999999999, 0.0
974, 10, 8, 4, 0.529474, 0.0
975, 10, 8, 5, 0.534737, 0.0
976, 10, 8, 6, 0.5389475, 0.0
977, 10, 8, 7, 0.523158, 0.0
978, 10, 8, 8, 0.543158, 0.0
979, 10, 8, 9, 0.5242105, 0.0
980, 10, 8, 10, 0.54, 0.0
981, 10, 9, 1, 0.537895, 0.0
982, 10, 9, 2, 0.533684, 0.0
983, 10, 9, 3, 0.5536840000000001, 0.0
984, 10, 9, 4, 0.5389475, 0.0
985, 10, 9, 5, 0.534737, 0.0
986, 10, 9, 6, 0.534737, 0.0
987, 10, 9, 7, 0.536842, 0.0
988, 10, 9, 8, 0.5336845, 0.0
989, 10, 9, 9, 0.537895, 0.0
990, 10, 9, 10, 0.5389475, 0.0
991, 10, 10, 1, 0.5336845, 0.0
992, 10, 10, 2, 0.5347365, 0.0
993, 10, 10, 3, 0.5568420000000001, 0.0
994, 10, 10, 4, 0.536842, 0.0
995, 10, 10, 5, 0.54, 0.0
996, 10, 10, 6, 0.546316, 0.0
997, 10, 10, 7, 0.5357895, 0.0
998, 10, 10, 8, 0.531579, 0.0
999, 10, 10, 9, 0.536842, 0.0
1000, 10, 10, 10, 0.526316, 0.0
