1, 1, 1, 0.1, 0.3635415, 0.5
2, 1, 1, 0.01, 0.358333, 0.0
3, 1, 1, 0.001, 0.372917, 0.0
4, 1, 1, 0.0001, 0.37083299999999997, 0.0
5, 1, 2, 0.1, 0.353125, 0.0
6, 1, 2, 0.01, 0.35833349999999997, 0.5
7, 1, 2, 0.001, 0.3770835, 0.5
8, 1, 2, 0.0001, 0.380208, 1.0
9, 1, 3, 0.1, 0.3177085, 0.5
10, 1, 3, 0.01, 0.3208335, 0.5
11, 1, 3, 0.001, 0.3677085, 0.0
12, 1, 3, 0.0001, 0.377083, 0.5
13, 1, 4, 0.1, 0.3072915, 0.0
14, 1, 4, 0.01, 0.33229149999999996, 0.5
15, 1, 4, 0.001, 0.3572915, 0.5
16, 1, 4, 0.0001, 0.36354149999999996, 0.0
17, 1, 5, 0.1, 0.31979199999999997, 1.0
18, 1, 5, 0.01, 0.3020835, 0.5
19, 1, 5, 0.001, 0.338542, 0.0
20, 1, 5, 0.0001, 0.3802085, 0.0
21, 1, 6, 0.1, 0.307292, 1.0
22, 1, 6, 0.01, 0.2927085, 1.0
23, 1, 6, 0.001, 0.313542, 0.0
24, 1, 6, 0.0001, 0.38958349999999997, 0.0
25, 1, 7, 0.1, 0.3052085, 1.0
26, 1, 7, 0.01, 0.3, 1.0
27, 1, 7, 0.001, 0.3177085, 0.5
28, 1, 7, 0.0001, 0.3802085, 0.5
29, 1, 8, 0.1, 0.28229150000000003, 0.5
30, 1, 8, 0.01, 0.30625, 0.5
31, 1, 8, 0.001, 0.30104200000000003, 0.5
32, 1, 8, 0.0001, 0.37916649999999996, 1.0
33, 1, 9, 0.1, 0.283333, 1.0
34, 1, 9, 0.01, 0.290625, 1.5
35, 1, 9, 0.001, 0.284375, 0.0
36, 1, 9, 0.0001, 0.36875, 0.0
37, 1, 10, 0.1, 0.2760415, 1.0
38, 1, 10, 0.01, 0.2791665, 1.0
39, 1, 10, 0.001, 0.2875, 1.0
40, 1, 10, 0.0001, 0.372917, 0.5
41, 2, 1, 0.1, 0.37083299999999997, 0.0
42, 2, 1, 0.01, 0.36875, 1.0
43, 2, 1, 0.001, 0.37812500000000004, 0.0
44, 2, 1, 0.0001, 0.376042, 0.0
45, 2, 2, 0.1, 0.3520835, 0.0
46, 2, 2, 0.01, 0.36354149999999996, 1.5
47, 2, 2, 0.001, 0.365625, 0.5
48, 2, 2, 0.0001, 0.37187499999999996, 1.0
49, 2, 3, 0.1, 0.34375, 1.0
50, 2, 3, 0.01, 0.3333335, 0.5
51, 2, 3, 0.001, 0.35625, 1.0
52, 2, 3, 0.0001, 0.378125, 0.5
53, 2, 4, 0.1, 0.3020835, 0.5
54, 2, 4, 0.01, 0.3177085, 0.0
55, 2, 4, 0.001, 0.31666700000000003, 0.0
56, 2, 4, 0.0001, 0.38125, 0.0
57, 2, 5, 0.1, 0.3125, 1.0
58, 2, 5, 0.01, 0.29374999999999996, 0.0
59, 2, 5, 0.001, 0.3333335, 0.5
60, 2, 5, 0.0001, 0.36875, 0.5
61, 2, 6, 0.1, 0.2947915, 0.5
62, 2, 6, 0.01, 0.303125, 1.0
63, 2, 6, 0.001, 0.30833299999999997, 1.0
64, 2, 6, 0.0001, 0.390625, 0.0
65, 2, 7, 0.1, 0.28437500000000004, 0.5
66, 2, 7, 0.01, 0.2833335, 0.5
67, 2, 7, 0.001, 0.304167, 1.0
68, 2, 7, 0.0001, 0.375, 0.0
69, 2, 8, 0.1, 0.28229150000000003, 0.5
70, 2, 8, 0.01, 0.3, 1.0
71, 2, 8, 0.001, 0.3104165, 0.5
72, 2, 8, 0.0001, 0.384375, 0.5
73, 2, 9, 0.1, 0.27708299999999997, 1.0
74, 2, 9, 0.01, 0.28958300000000003, 0.5
75, 2, 9, 0.001, 0.2875, 1.0
76, 2, 9, 0.0001, 0.37604150000000003, 0.5
77, 2, 10, 0.1, 0.275, 1.0
78, 2, 10, 0.01, 0.26458349999999997, 1.0
79, 2, 10, 0.001, 0.271875, 0.0
80, 2, 10, 0.0001, 0.3854165, 0.0
81, 3, 1, 0.1, 0.38020849999999995, 0.5
82, 3, 1, 0.01, 0.38749999999999996, 0.0
83, 3, 1, 0.001, 0.37604150000000003, 0.0
84, 3, 1, 0.0001, 0.3677085, 0.5
85, 3, 2, 0.1, 0.34791649999999996, 1.0
86, 3, 2, 0.01, 0.354167, 0.0
87, 3, 2, 0.001, 0.38125, 0.0
88, 3, 2, 0.0001, 0.3833335, 0.5
89, 3, 3, 0.1, 0.32083300000000003, 0.5
90, 3, 3, 0.01, 0.325, 0.0
91, 3, 3, 0.001, 0.35416650000000005, 0.0
92, 3, 3, 0.0001, 0.3854165, 0.5
93, 3, 4, 0.1, 0.31875, 0.5
94, 3, 4, 0.01, 0.325, 0.0
95, 3, 4, 0.001, 0.3416665, 0.5
96, 3, 4, 0.0001, 0.38125, 0.0
97, 3, 5, 0.1, 0.3145835, 0.5
98, 3, 5, 0.01, 0.3197915, 1.0
99, 3, 5, 0.001, 0.34270849999999997, 0.5
100, 3, 5, 0.0001, 0.3729165, 0.0
101, 3, 6, 0.1, 0.3125, 1.0
102, 3, 6, 0.01, 0.302083, 0.5
103, 3, 6, 0.001, 0.3375, 0.5
104, 3, 6, 0.0001, 0.3708335, 0.5
105, 3, 7, 0.1, 0.28958300000000003, 1.5
106, 3, 7, 0.01, 0.284375, 1.5
107, 3, 7, 0.001, 0.30000000000000004, 0.0
108, 3, 7, 0.0001, 0.3958335, 0.0
109, 3, 8, 0.1, 0.275, 1.5
110, 3, 8, 0.01, 0.2833335, 1.0
111, 3, 8, 0.001, 0.290625, 0.0
112, 3, 8, 0.0001, 0.36875, 0.0
113, 3, 9, 0.1, 0.2895835, 0.5
114, 3, 9, 0.01, 0.283333, 1.0
115, 3, 9, 0.001, 0.2989585, 0.0
116, 3, 9, 0.0001, 0.384375, 0.5
117, 3, 10, 0.1, 0.2854165, 1.0
118, 3, 10, 0.01, 0.2625, 0.5
119, 3, 10, 0.001, 0.288542, 0.5
120, 3, 10, 0.0001, 0.3833335, 1.0
121, 4, 1, 0.1, 0.375, 0.0
122, 4, 1, 0.01, 0.35625, 0.0
123, 4, 1, 0.001, 0.378125, 0.5
124, 4, 1, 0.0001, 0.37083350000000004, 0.5
125, 4, 2, 0.1, 0.33541699999999997, 0.0
126, 4, 2, 0.01, 0.35833349999999997, 0.5
127, 4, 2, 0.001, 0.3677085, 0.0
128, 4, 2, 0.0001, 0.37395849999999997, 0.0
129, 4, 3, 0.1, 0.334375, 1.0
130, 4, 3, 0.01, 0.33125, 1.0
131, 4, 3, 0.001, 0.3541665, 0.0
132, 4, 3, 0.0001, 0.3989585, 0.0
133, 4, 4, 0.1, 0.3135415, 0.5
134, 4, 4, 0.01, 0.325, 0.5
135, 4, 4, 0.001, 0.3541665, 2.0
136, 4, 4, 0.0001, 0.38125, 0.0
137, 4, 5, 0.1, 0.311458, 0.0
138, 4, 5, 0.01, 0.302083, 1.0
139, 4, 5, 0.001, 0.3375, 0.5
140, 4, 5, 0.0001, 0.373958, 0.5
141, 4, 6, 0.1, 0.284375, 0.5
142, 4, 6, 0.01, 0.303125, 0.5
143, 4, 6, 0.001, 0.309375, 0.5
144, 4, 6, 0.0001, 0.38958349999999997, 0.0
145, 4, 7, 0.1, 0.290625, 0.5
146, 4, 7, 0.01, 0.28541700000000003, 1.0
147, 4, 7, 0.001, 0.30937499999999996, 0.0
148, 4, 7, 0.0001, 0.384375, 1.0
149, 4, 8, 0.1, 0.270833, 0.5
150, 4, 8, 0.01, 0.278125, 0.5
151, 4, 8, 0.001, 0.3020835, 0.0
152, 4, 8, 0.0001, 0.380208, 0.0
153, 4, 9, 0.1, 0.284375, 1.0
154, 4, 9, 0.01, 0.275, 0.5
155, 4, 9, 0.001, 0.3, 1.5
156, 4, 9, 0.0001, 0.371875, 0.5
157, 4, 10, 0.1, 0.278125, 0.5
158, 4, 10, 0.01, 0.2625, 0.5
159, 4, 10, 0.001, 0.30000000000000004, 1.0
160, 4, 10, 0.0001, 0.384375, 0.0
161, 5, 1, 0.1, 0.36770800000000003, 1.0
162, 5, 1, 0.01, 0.37604150000000003, 0.0
163, 5, 1, 0.001, 0.383333, 0.5
164, 5, 1, 0.0001, 0.37812500000000004, 1.0
165, 5, 2, 0.1, 0.3364585, 0.5
166, 5, 2, 0.01, 0.35833349999999997, 0.0
167, 5, 2, 0.001, 0.3541665, 0.0
168, 5, 2, 0.0001, 0.373958, 1.0
169, 5, 3, 0.1, 0.338542, 0.5
170, 5, 3, 0.01, 0.317708, 0.5
171, 5, 3, 0.001, 0.34375, 1.0
172, 5, 3, 0.0001, 0.38125, 0.0
173, 5, 4, 0.1, 0.31354150000000003, 0.5
174, 5, 4, 0.01, 0.31875, 0.5
175, 5, 4, 0.001, 0.33333349999999995, 0.0
176, 5, 4, 0.0001, 0.3927085, 0.5
177, 5, 5, 0.1, 0.303125, 0.0
178, 5, 5, 0.01, 0.309375, 1.0
179, 5, 5, 0.001, 0.32395799999999997, 0.0
180, 5, 5, 0.0001, 0.376042, 0.5
181, 5, 6, 0.1, 0.3, 1.0
182, 5, 6, 0.01, 0.29791650000000003, 1.5
183, 5, 6, 0.001, 0.311458, 0.0
184, 5, 6, 0.0001, 0.37604150000000003, 0.0
185, 5, 7, 0.1, 0.29583349999999997, 1.0
186, 5, 7, 0.01, 0.28229150000000003, 1.0
187, 5, 7, 0.001, 0.303125, 0.5
188, 5, 7, 0.0001, 0.378125, 0.0
189, 5, 8, 0.1, 0.2833335, 1.5
190, 5, 8, 0.01, 0.2927085, 0.5
191, 5, 8, 0.001, 0.3, 0.0
192, 5, 8, 0.0001, 0.36354149999999996, 1.0
193, 5, 9, 0.1, 0.2708335, 0.5
194, 5, 9, 0.01, 0.275, 0.5
195, 5, 9, 0.001, 0.3010415, 0.0
196, 5, 9, 0.0001, 0.378125, 0.5
197, 5, 10, 0.1, 0.2739585, 0.5
198, 5, 10, 0.01, 0.2875, 1.0
199, 5, 10, 0.001, 0.307292, 0.5
200, 5, 10, 0.0001, 0.3822915, 0.0
201, 6, 1, 0.1, 0.3822915, 0.0
202, 6, 1, 0.01, 0.37604150000000003, 0.5
203, 6, 1, 0.001, 0.38333300000000003, 0.0
204, 6, 1, 0.0001, 0.3979165, 1.5
205, 6, 2, 0.1, 0.3479165, 0.5
206, 6, 2, 0.01, 0.34062499999999996, 0.0
207, 6, 2, 0.001, 0.365625, 0.5
208, 6, 2, 0.0001, 0.37916700000000003, 0.5
209, 6, 3, 0.1, 0.3333335, 0.5
210, 6, 3, 0.01, 0.3302085, 0.0
211, 6, 3, 0.001, 0.359375, 1.0
212, 6, 3, 0.0001, 0.38125, 1.0
213, 6, 4, 0.1, 0.3125, 0.5
214, 6, 4, 0.01, 0.3104165, 0.0
215, 6, 4, 0.001, 0.33958299999999997, 0.0
216, 6, 4, 0.0001, 0.38125, 0.0
217, 6, 5, 0.1, 0.3010415, 0.5
218, 6, 5, 0.01, 0.3083335, 1.5
219, 6, 5, 0.001, 0.33958350000000004, 0.5
220, 6, 5, 0.0001, 0.36041650000000003, 0.0
221, 6, 6, 0.1, 0.3041665, 1.5
222, 6, 6, 0.01, 0.29583349999999997, 1.5
223, 6, 6, 0.001, 0.333333, 0.5
224, 6, 6, 0.0001, 0.384375, 0.5
225, 6, 7, 0.1, 0.3020835, 1.0
226, 6, 7, 0.01, 0.276042, 1.5
227, 6, 7, 0.001, 0.31562500000000004, 0.5
228, 6, 7, 0.0001, 0.384375, 0.0
229, 6, 8, 0.1, 0.2854165, 1.5
230, 6, 8, 0.01, 0.278125, 0.5
231, 6, 8, 0.001, 0.3072915, 1.0
232, 6, 8, 0.0001, 0.3666665, 0.5
233, 6, 9, 0.1, 0.27395800000000003, 1.0
234, 6, 9, 0.01, 0.2875, 1.0
235, 6, 9, 0.001, 0.29270850000000004, 0.5
236, 6, 9, 0.0001, 0.38958349999999997, 0.0
237, 6, 10, 0.1, 0.2697915, 0.5
238, 6, 10, 0.01, 0.27291699999999997, 1.5
239, 6, 10, 0.001, 0.30625, 1.0
240, 6, 10, 0.0001, 0.3677085, 0.0
241, 7, 1, 0.1, 0.378125, 0.0
242, 7, 1, 0.01, 0.3770835, 1.0
243, 7, 1, 0.001, 0.38020849999999995, 1.0
244, 7, 1, 0.0001, 0.3802085, 0.0
245, 7, 2, 0.1, 0.360417, 0.5
246, 7, 2, 0.01, 0.3489585, 1.0
247, 7, 2, 0.001, 0.3697915, 1.0
248, 7, 2, 0.0001, 0.390625, 0.5
249, 7, 3, 0.1, 0.333333, 0.0
250, 7, 3, 0.01, 0.3364585, 1.0
251, 7, 3, 0.001, 0.36041650000000003, 0.5
252, 7, 3, 0.0001, 0.37187499999999996, 0.5
253, 7, 4, 0.1, 0.3083335, 0.0
254, 7, 4, 0.01, 0.321875, 0.0
255, 7, 4, 0.001, 0.328125, 0.0
256, 7, 4, 0.0001, 0.38125, 0.0
257, 7, 5, 0.1, 0.31666700000000003, 0.5
258, 7, 5, 0.01, 0.31666649999999996, 0.5
259, 7, 5, 0.001, 0.3145835, 0.5
260, 7, 5, 0.0001, 0.3854165, 0.5
261, 7, 6, 0.1, 0.3104165, 1.0
262, 7, 6, 0.01, 0.30625, 0.5
263, 7, 6, 0.001, 0.3104165, 0.0
264, 7, 6, 0.0001, 0.366667, 0.5
265, 7, 7, 0.1, 0.2791665, 1.0
266, 7, 7, 0.01, 0.286458, 0.5
267, 7, 7, 0.001, 0.2916665, 0.0
268, 7, 7, 0.0001, 0.3645835, 0.5
269, 7, 8, 0.1, 0.2895835, 1.0
270, 7, 8, 0.01, 0.2833335, 1.5
271, 7, 8, 0.001, 0.307292, 0.5
272, 7, 8, 0.0001, 0.3833335, 0.5
273, 7, 9, 0.1, 0.2854165, 1.0
274, 7, 9, 0.01, 0.278125, 1.0
275, 7, 9, 0.001, 0.2916665, 0.5
276, 7, 9, 0.0001, 0.375, 0.0
277, 7, 10, 0.1, 0.2729165, 1.0
278, 7, 10, 0.01, 0.2854165, 0.5
279, 7, 10, 0.001, 0.2927085, 0.0
280, 7, 10, 0.0001, 0.377083, 0.0
281, 8, 1, 0.1, 0.38125, 0.0
282, 8, 1, 0.01, 0.36875, 0.0
283, 8, 1, 0.001, 0.3854165, 0.5
284, 8, 1, 0.0001, 0.385417, 0.0
285, 8, 2, 0.1, 0.340625, 1.0
286, 8, 2, 0.01, 0.359375, 0.0
287, 8, 2, 0.001, 0.3770835, 0.5
288, 8, 2, 0.0001, 0.37083299999999997, 0.0
289, 8, 3, 0.1, 0.340625, 0.0
290, 8, 3, 0.01, 0.33229149999999996, 0.5
291, 8, 3, 0.001, 0.3520835, 0.0
292, 8, 3, 0.0001, 0.3833335, 0.5
293, 8, 4, 0.1, 0.325, 1.0
294, 8, 4, 0.01, 0.3052085, 0.5
295, 8, 4, 0.001, 0.338542, 0.0
296, 8, 4, 0.0001, 0.3802085, 0.5
297, 8, 5, 0.1, 0.314583, 0.5
298, 8, 5, 0.01, 0.31875, 1.5
299, 8, 5, 0.001, 0.3322915, 0.0
300, 8, 5, 0.0001, 0.38125, 0.5
301, 8, 6, 0.1, 0.292708, 0.5
302, 8, 6, 0.01, 0.314583, 0.5
303, 8, 6, 0.001, 0.321875, 1.0
304, 8, 6, 0.0001, 0.38125, 0.0
305, 8, 7, 0.1, 0.30104149999999996, 0.5
306, 8, 7, 0.01, 0.2916665, 0.5
307, 8, 7, 0.001, 0.3125, 0.0
308, 8, 7, 0.0001, 0.38125, 0.5
309, 8, 8, 0.1, 0.2979165, 1.0
310, 8, 8, 0.01, 0.284375, 0.5
311, 8, 8, 0.001, 0.301042, 0.0
312, 8, 8, 0.0001, 0.3822915, 0.5
313, 8, 9, 0.1, 0.265625, 0.5
314, 8, 9, 0.01, 0.27708350000000004, 2.0
315, 8, 9, 0.001, 0.3020835, 2.0
316, 8, 9, 0.0001, 0.378125, 0.5
317, 8, 10, 0.1, 0.264583, 1.5
318, 8, 10, 0.01, 0.27708350000000004, 1.5
319, 8, 10, 0.001, 0.290625, 1.0
320, 8, 10, 0.0001, 0.37812500000000004, 0.0
321, 9, 1, 0.1, 0.37604150000000003, 0.5
322, 9, 1, 0.01, 0.37604150000000003, 0.5
323, 9, 1, 0.001, 0.3770835, 0.0
324, 9, 1, 0.0001, 0.375, 0.0
325, 9, 2, 0.1, 0.3614585, 0.0
326, 9, 2, 0.01, 0.35520850000000004, 0.5
327, 9, 2, 0.001, 0.3645835, 1.0
328, 9, 2, 0.0001, 0.39375, 0.0
329, 9, 3, 0.1, 0.3333335, 1.0
330, 9, 3, 0.01, 0.33854150000000005, 0.5
331, 9, 3, 0.001, 0.346875, 0.0
332, 9, 3, 0.0001, 0.3614585, 1.0
333, 9, 4, 0.1, 0.330208, 0.0
334, 9, 4, 0.01, 0.3375, 0.0
335, 9, 4, 0.001, 0.322917, 0.0
336, 9, 4, 0.0001, 0.36875, 0.0
337, 9, 5, 0.1, 0.3208335, 2.0
338, 9, 5, 0.01, 0.30416699999999997, 1.5
339, 9, 5, 0.001, 0.33229149999999996, 0.5
340, 9, 5, 0.0001, 0.3822915, 1.0
341, 9, 6, 0.1, 0.29791650000000003, 0.5
342, 9, 6, 0.01, 0.2875, 1.5
343, 9, 6, 0.001, 0.321875, 0.0
344, 9, 6, 0.0001, 0.380208, 1.0
345, 9, 7, 0.1, 0.29583349999999997, 1.0
346, 9, 7, 0.01, 0.2895835, 0.5
347, 9, 7, 0.001, 0.31875, 0.5
348, 9, 7, 0.0001, 0.38645799999999997, 0.5
349, 9, 8, 0.1, 0.280208, 0.5
350, 9, 8, 0.01, 0.2864585, 1.0
351, 9, 8, 0.001, 0.28541700000000003, 0.5
352, 9, 8, 0.0001, 0.38645799999999997, 0.5
353, 9, 9, 0.1, 0.27291699999999997, 1.0
354, 9, 9, 0.01, 0.27395800000000003, 0.5
355, 9, 9, 0.001, 0.29375, 0.5
356, 9, 9, 0.0001, 0.375, 0.0
357, 9, 10, 0.1, 0.2739585, 2.0
358, 9, 10, 0.01, 0.2625, 1.0
359, 9, 10, 0.001, 0.290625, 0.0
360, 9, 10, 0.0001, 0.378125, 1.0
361, 10, 1, 0.1, 0.378125, 0.5
362, 10, 1, 0.01, 0.37083350000000004, 0.5
363, 10, 1, 0.001, 0.37187499999999996, 0.5
364, 10, 1, 0.0001, 0.364583, 0.0
365, 10, 2, 0.1, 0.342708, 1.0
366, 10, 2, 0.01, 0.35520850000000004, 0.0
367, 10, 2, 0.001, 0.364583, 0.5
368, 10, 2, 0.0001, 0.3697915, 0.0
369, 10, 3, 0.1, 0.3510415, 0.5
370, 10, 3, 0.01, 0.340625, 0.5
371, 10, 3, 0.001, 0.35, 0.5
372, 10, 3, 0.0001, 0.37916700000000003, 0.0
373, 10, 4, 0.1, 0.3208335, 0.5
374, 10, 4, 0.01, 0.3145835, 0.0
375, 10, 4, 0.001, 0.321875, 0.5
376, 10, 4, 0.0001, 0.37916649999999996, 0.5
377, 10, 5, 0.1, 0.307292, 1.5
378, 10, 5, 0.01, 0.321875, 1.0
379, 10, 5, 0.001, 0.307292, 0.5
380, 10, 5, 0.0001, 0.37395849999999997, 0.0
381, 10, 6, 0.1, 0.295833, 1.0
382, 10, 6, 0.01, 0.3, 0.5
383, 10, 6, 0.001, 0.310417, 0.0
384, 10, 6, 0.0001, 0.376042, 0.0
385, 10, 7, 0.1, 0.2916665, 1.5
386, 10, 7, 0.01, 0.2885415, 1.0
387, 10, 7, 0.001, 0.307292, 0.5
388, 10, 7, 0.0001, 0.38125, 1.0
389, 10, 8, 0.1, 0.2895835, 1.5
390, 10, 8, 0.01, 0.291667, 1.0
391, 10, 8, 0.001, 0.304167, 0.0
392, 10, 8, 0.0001, 0.37187499999999996, 0.5
393, 10, 9, 0.1, 0.28541649999999996, 1.0
394, 10, 9, 0.01, 0.273958, 1.0
395, 10, 9, 0.001, 0.30625, 0.5
396, 10, 9, 0.0001, 0.38749999999999996, 0.5
397, 10, 10, 0.1, 0.27291699999999997, 1.0
398, 10, 10, 0.01, 0.26875, 0.5
399, 10, 10, 0.001, 0.2927085, 1.0
400, 10, 10, 0.0001, 0.37916700000000003, 0.5
