1, 1, 1, 0.1, 0.3635415, 0.5
2, 1, 1, 0.01, 0.358333, 0.0
3, 1, 1, 0.001, 0.372917, 0.0
4, 1, 1, 0.0001, 0.37083299999999997, 0.0
5, 1, 2, 0.1, 0.353125, 0.0
6, 1, 2, 0.01, 0.35833349999999997, 0.5
7, 1, 2, 0.001, 0.3770835, 0.5
8, 1, 2, 0.0001, 0.380208, 1.0
9, 1, 3, 0.1, 0.3177085, 0.5
10, 1, 3, 0.01, 0.3208335, 0.5
11, 1, 3, 0.001, 0.3677085, 0.0
12, 1, 3, 0.0001, 0.377083, 0.5
13, 1, 4, 0.1, 0.3072915, 0.0
14, 1, 4, 0.01, 0.33229149999999996, 0.5
15, 1, 4, 0.001, 0.3572915, 0.5
16, 1, 4, 0.0001, 0.36354149999999996, 0.0
17, 1, 5, 0.1, 0.31979199999999997, 1.0
18, 1, 5, 0.01, 0.3020835, 0.5
19, 1, 5, 0.001, 0.338542, 0.0
20, 1, 5, 0.0001, 0.3802085, 0.0
21, 1, 6, 0.1, 0.307292, 1.0
22, 1, 6, 0.01, 0.2927085, 1.0
23, 1, 6, 0.001, 0.313542, 0.0
24, 1, 6, 0.0001, 0.38958349999999997, 0.0
25, 1, 7, 0.1, 0.3052085, 1.0
26, 1, 7, 0.01, 0.3, 1.0
27, 1, 7, 0.001, 0.3177085, 0.5
28, 1, 7, 0.0001, 0.3802085, 0.5
29, 1, 8, 0.1, 0.28229150000000003, 0.5
30, 1, 8, 0.01, 0.30625, 0.5
31, 1, 8, 0.001, 0.30104200000000003, 0.5
32, 1, 8, 0.0001, 0.37916649999999996, 1.0
33, 1, 9, 0.1, 0.283333, 1.0
34, 1, 9, 0.01, 0.290625, 1.5
35, 1, 9, 0.001, 0.284375, 0.0
36, 1, 9, 0.0001, 0.36875, 0.0
37, 1, 10, 0.1, 0.2760415, 1.0
38, 1, 10, 0.01, 0.2791665, 1.0
39, 1, 10, 0.001, 0.2875, 1.0
40, 1, 10, 0.0001, 0.372917, 0.5
41, 2, 1, 0.1, 0.36041650000000003, 0.5
42, 2, 1, 0.01, 0.35624999999999996, 0.5
43, 2, 1, 0.001, 0.39479200000000003, 0.0
44, 2, 1, 0.0001, 0.44375, 1.0
45, 2, 2, 0.1, 0.3104165, 0.5
46, 2, 2, 0.01, 0.334375, 0.5
47, 2, 2, 0.001, 0.3833335, 0.0
48, 2, 2, 0.0001, 0.4260415, 0.0
49, 2, 3, 0.1, 0.3104165, 0.5
50, 2, 3, 0.01, 0.284375, 1.0
51, 2, 3, 0.001, 0.35520850000000004, 1.0
52, 2, 3, 0.0001, 0.428125, 0.0
53, 2, 4, 0.1, 0.2916665, 0.5
54, 2, 4, 0.01, 0.2791665, 1.0
55, 2, 4, 0.001, 0.315625, 1.5
56, 2, 4, 0.0001, 0.416667, 0.0
57, 2, 5, 0.1, 0.2625, 0.5
58, 2, 5, 0.01, 0.26979149999999996, 0.5
59, 2, 5, 0.001, 0.327083, 1.0
60, 2, 5, 0.0001, 0.43125, 0.5
61, 2, 6, 0.1, 0.255208, 0.5
62, 2, 6, 0.01, 0.26875000000000004, 0.5
63, 2, 6, 0.001, 0.3072915, 0.5
64, 2, 6, 0.0001, 0.419792, 1.0
65, 2, 7, 0.1, 0.2739585, 0.5
66, 2, 7, 0.01, 0.2572915, 0.5
67, 2, 7, 0.001, 0.278125, 0.5
68, 2, 7, 0.0001, 0.40729150000000003, 0.5
69, 2, 8, 0.1, 0.251042, 1.0
70, 2, 8, 0.01, 0.257292, 0.5
71, 2, 8, 0.001, 0.2885415, 0.5
72, 2, 8, 0.0001, 0.40729150000000003, 1.0
73, 2, 9, 0.1, 0.23333350000000003, 0.5
74, 2, 9, 0.01, 0.2375, 0.5
75, 2, 9, 0.001, 0.271875, 0.5
76, 2, 9, 0.0001, 0.435417, 0.0
77, 2, 10, 0.1, 0.23750000000000002, 0.5
78, 2, 10, 0.01, 0.246875, 0.5
79, 2, 10, 0.001, 0.2760415, 0.5
80, 2, 10, 0.0001, 0.4375, 0.5
81, 3, 1, 0.1, 0.33541699999999997, 0.5
82, 3, 1, 0.01, 0.34270849999999997, 0.5
83, 3, 1, 0.001, 0.4125, 0.5
84, 3, 1, 0.0001, 0.4395835, 0.5
85, 3, 2, 0.1, 0.30937499999999996, 0.5
86, 3, 2, 0.01, 0.296875, 0.5
87, 3, 2, 0.001, 0.38125, 0.5
88, 3, 2, 0.0001, 0.4510415, 0.5
89, 3, 3, 0.1, 0.295833, 0.5
90, 3, 3, 0.01, 0.2875, 1.0
91, 3, 3, 0.001, 0.365625, 1.0
92, 3, 3, 0.0001, 0.43854150000000003, 0.5
93, 3, 4, 0.1, 0.270833, 1.0
94, 3, 4, 0.01, 0.283333, 1.0
95, 3, 4, 0.001, 0.329167, 1.0
96, 3, 4, 0.0001, 0.44895799999999997, 0.5
97, 3, 5, 0.1, 0.279167, 0.5
98, 3, 5, 0.01, 0.2770835, 1.5
99, 3, 5, 0.001, 0.29791650000000003, 0.5
100, 3, 5, 0.0001, 0.439583, 0.5
101, 3, 6, 0.1, 0.25, 1.0
102, 3, 6, 0.01, 0.265625, 0.5
103, 3, 6, 0.001, 0.28020849999999997, 1.0
104, 3, 6, 0.0001, 0.43125, 0.5
105, 3, 7, 0.1, 0.2625, 1.0
106, 3, 7, 0.01, 0.2614585, 1.0
107, 3, 7, 0.001, 0.26875, 1.0
108, 3, 7, 0.0001, 0.45208349999999997, 0.5
109, 3, 8, 0.1, 0.2635415, 1.0
110, 3, 8, 0.01, 0.2583335, 0.5
111, 3, 8, 0.001, 0.2760415, 1.0
112, 3, 8, 0.0001, 0.446875, 0.5
113, 3, 9, 0.1, 0.246875, 1.0
114, 3, 9, 0.01, 0.252083, 1.0
115, 3, 9, 0.001, 0.26875000000000004, 1.0
116, 3, 9, 0.0001, 0.435417, 1.0
117, 3, 10, 0.1, 0.246875, 1.0
118, 3, 10, 0.01, 0.2583335, 1.0
119, 3, 10, 0.001, 0.2822915, 1.0
120, 3, 10, 0.0001, 0.453125, 1.5
121, 4, 1, 0.1, 0.31979199999999997, 0.5
122, 4, 1, 0.01, 0.313542, 1.0
123, 4, 1, 0.001, 0.42604149999999996, 0.5
124, 4, 1, 0.0001, 0.475, 0.5
125, 4, 2, 0.1, 0.29375, 0.5
126, 4, 2, 0.01, 0.28229150000000003, 0.5
127, 4, 2, 0.001, 0.378125, 0.5
128, 4, 2, 0.0001, 0.46041699999999997, 1.0
129, 4, 3, 0.1, 0.2895835, 0.5
130, 4, 3, 0.01, 0.2708335, 0.5
131, 4, 3, 0.001, 0.32916650000000003, 0.5
132, 4, 3, 0.0001, 0.47083300000000006, 0.5
133, 4, 4, 0.1, 0.26875000000000004, 1.0
134, 4, 4, 0.01, 0.25312500000000004, 0.5
135, 4, 4, 0.001, 0.3072915, 1.0
136, 4, 4, 0.0001, 0.46770849999999997, 0.5
137, 4, 5, 0.1, 0.24062499999999998, 1.0
138, 4, 5, 0.01, 0.24791649999999998, 1.0
139, 4, 5, 0.001, 0.28958300000000003, 0.5
140, 4, 5, 0.0001, 0.4604165, 0.5
141, 4, 6, 0.1, 0.259375, 1.0
142, 4, 6, 0.01, 0.2614585, 1.0
143, 4, 6, 0.001, 0.2875, 1.0
144, 4, 6, 0.0001, 0.4697915, 0.5
145, 4, 7, 0.1, 0.23645850000000002, 1.0
146, 4, 7, 0.01, 0.22812500000000002, 1.0
147, 4, 7, 0.001, 0.3145835, 1.0
148, 4, 7, 0.0001, 0.4635415, 1.5
149, 4, 8, 0.1, 0.245833, 1.0
150, 4, 8, 0.01, 0.2375, 1.0
151, 4, 8, 0.001, 0.2739585, 1.0
152, 4, 8, 0.0001, 0.47395849999999995, 0.5
153, 4, 9, 0.1, 0.23541700000000002, 1.0
154, 4, 9, 0.01, 0.229167, 1.0
155, 4, 9, 0.001, 0.2791665, 1.0
156, 4, 9, 0.0001, 0.458333, 0.5
157, 4, 10, 0.1, 0.229167, 1.0
158, 4, 10, 0.01, 0.228125, 1.0
159, 4, 10, 0.001, 0.28020849999999997, 1.0
160, 4, 10, 0.0001, 0.4427085, 0.5
161, 5, 1, 0.1, 0.327766, 0.5
162, 5, 1, 0.01, 0.31941549999999996, 0.5
163, 5, 1, 0.001, 0.4258875, 0.0
164, 5, 1, 0.0001, 0.482255, 0.5
165, 5, 2, 0.1, 0.291232, 0.5
166, 5, 2, 0.01, 0.31523999999999996, 0.5
167, 5, 2, 0.001, 0.40918600000000005, 0.5
168, 5, 2, 0.0001, 0.49060499999999996, 1.0
169, 5, 3, 0.1, 0.275574, 1.0
170, 5, 3, 0.01, 0.284969, 1.0
171, 5, 3, 0.001, 0.38517750000000006, 0.5
172, 5, 3, 0.0001, 0.4812105, 1.5
173, 5, 4, 0.1, 0.281837, 1.0
174, 5, 4, 0.01, 0.28079350000000003, 1.0
175, 5, 4, 0.001, 0.3465555, 0.5
176, 5, 4, 0.0001, 0.4697285, 0.5
177, 5, 5, 0.1, 0.255741, 1.0
178, 5, 5, 0.01, 0.258873, 1.0
179, 5, 5, 0.001, 0.3371605, 1.0
180, 5, 5, 0.0001, 0.46868449999999995, 0.5
181, 5, 6, 0.1, 0.268267, 1.0
182, 5, 6, 0.01, 0.2546975, 1.0
183, 5, 6, 0.001, 0.34551149999999997, 1.0
184, 5, 6, 0.0001, 0.46868449999999995, 0.5
185, 5, 7, 0.1, 0.250522, 1.0
186, 5, 7, 0.01, 0.26513549999999997, 1.0
187, 5, 7, 0.001, 0.31524050000000003, 0.5
188, 5, 7, 0.0001, 0.475992, 0.5
189, 5, 8, 0.1, 0.2526095, 1.0
190, 5, 8, 0.01, 0.2546975, 1.0
191, 5, 8, 0.001, 0.318372, 1.0
192, 5, 8, 0.0001, 0.48643000000000003, 0.5
193, 5, 9, 0.1, 0.23799599999999999, 1.0
194, 5, 9, 0.01, 0.244259, 1.0
195, 5, 9, 0.001, 0.30271400000000004, 1.0
196, 5, 9, 0.0001, 0.4759915, 0.5
197, 5, 10, 0.1, 0.248434, 1.0
198, 5, 10, 0.01, 0.2515655, 1.0
199, 5, 10, 0.001, 0.302714, 1.0
200, 5, 10, 0.0001, 0.485386, 1.0
201, 6, 1, 0.1, 0.302714, 0.5
202, 6, 1, 0.01, 0.3058455, 0.5
203, 6, 1, 0.001, 0.4509395, 0.5
204, 6, 1, 0.0001, 0.480167, 0.0
205, 6, 2, 0.1, 0.28496849999999996, 0.5
206, 6, 2, 0.01, 0.28914399999999996, 0.5
207, 6, 2, 0.001, 0.406054, 1.0
208, 6, 2, 0.0001, 0.48225450000000003, 0.0
209, 6, 3, 0.1, 0.256785, 0.5
210, 6, 3, 0.01, 0.2745305, 0.5
211, 6, 3, 0.001, 0.344468, 0.5
212, 6, 3, 0.0001, 0.480167, 0.0
213, 6, 4, 0.1, 0.2599165, 0.5
214, 6, 4, 0.01, 0.2526095, 0.5
215, 6, 4, 0.001, 0.3632565, 1.5
216, 6, 4, 0.0001, 0.48225450000000003, 0.0
217, 6, 5, 0.1, 0.255741, 1.0
218, 6, 5, 0.01, 0.250522, 1.0
219, 6, 5, 0.001, 0.3308975, 1.0
220, 6, 5, 0.0001, 0.4843425, 0.5
221, 6, 6, 0.1, 0.24947799999999998, 1.0
222, 6, 6, 0.01, 0.24217100000000003, 1.0
223, 6, 6, 0.001, 0.31523999999999996, 0.5
224, 6, 6, 0.0001, 0.4874735, 0.5
225, 6, 7, 0.1, 0.235908, 1.0
226, 6, 7, 0.01, 0.243215, 1.0
227, 6, 7, 0.001, 0.306889, 1.0
228, 6, 7, 0.0001, 0.4780795, 0.0
229, 6, 8, 0.1, 0.257829, 1.0
230, 6, 8, 0.01, 0.255741, 1.0
231, 6, 8, 0.001, 0.3121085, 1.0
232, 6, 8, 0.0001, 0.48225450000000003, 0.5
233, 6, 9, 0.1, 0.244259, 1.0
234, 6, 9, 0.01, 0.2473905, 1.0
235, 6, 9, 0.001, 0.283925, 1.0
236, 6, 9, 0.0001, 0.48329849999999996, 0.0
237, 6, 10, 0.1, 0.2546975, 1.0
238, 6, 10, 0.01, 0.249478, 1.0
239, 6, 10, 0.001, 0.295407, 1.0
240, 6, 10, 0.0001, 0.4853865, 0.0
241, 7, 1, 0.1, 0.299163, 0.5
242, 7, 1, 0.01, 0.2771965, 0.5
243, 7, 1, 0.001, 0.426778, 0.0
244, 7, 1, 0.0001, 0.5073225, 0.5
245, 7, 2, 0.1, 0.2761505, 0.5
246, 7, 2, 0.01, 0.2667365, 0.5
247, 7, 2, 0.001, 0.3702925, 0.5
248, 7, 2, 0.0001, 0.5188285, 0.5
249, 7, 3, 0.1, 0.26882849999999997, 0.5
250, 7, 3, 0.01, 0.24372349999999998, 0.5
251, 7, 3, 0.001, 0.327406, 0.0
252, 7, 3, 0.0001, 0.498954, 0.5
253, 7, 4, 0.1, 0.26046, 0.5
254, 7, 4, 0.01, 0.252092, 0.5
255, 7, 4, 0.001, 0.32113, 0.5
256, 7, 4, 0.0001, 0.49372399999999994, 0.5
257, 7, 5, 0.1, 0.23953950000000002, 0.5
258, 7, 5, 0.01, 0.2332635, 0.5
259, 7, 5, 0.001, 0.3138075, 0.5
260, 7, 5, 0.0001, 0.5104605, 0.5
261, 7, 6, 0.1, 0.25, 0.5
262, 7, 6, 0.01, 0.2458155, 0.5
263, 7, 6, 0.001, 0.3127615, 0.5
264, 7, 6, 0.0001, 0.495816, 0.5
265, 7, 7, 0.1, 0.2458155, 0.5
266, 7, 7, 0.01, 0.2374475, 1.0
267, 7, 7, 0.001, 0.297071, 1.0
268, 7, 7, 0.0001, 0.5073219999999999, 0.5
269, 7, 8, 0.1, 0.2280335, 0.5
270, 7, 8, 0.01, 0.248954, 0.5
271, 7, 8, 0.001, 0.28556499999999996, 0.5
272, 7, 8, 0.0001, 0.5073225, 0.5
273, 7, 9, 0.1, 0.23221750000000002, 1.0
274, 7, 9, 0.01, 0.248954, 1.0
275, 7, 9, 0.001, 0.30648549999999997, 0.5
276, 7, 9, 0.0001, 0.497908, 0.5
277, 7, 10, 0.1, 0.2332635, 1.0
278, 7, 10, 0.01, 0.23012549999999998, 1.0
279, 7, 10, 0.001, 0.3033475, 1.0
280, 7, 10, 0.0001, 0.5188285, 0.5
281, 8, 1, 0.1, 0.321803, 0.5
282, 8, 1, 0.01, 0.3144655, 0.5
283, 8, 1, 0.001, 0.461216, 0.5
284, 8, 1, 0.0001, 0.538784, 0.5
285, 8, 2, 0.1, 0.285115, 0.5
286, 8, 2, 0.01, 0.2830185, 0.5
287, 8, 2, 0.001, 0.41299800000000003, 1.0
288, 8, 2, 0.0001, 0.5513625, 0.5
289, 8, 3, 0.1, 0.2819705, 0.5
290, 8, 3, 0.01, 0.2809225, 0.5
291, 8, 3, 0.001, 0.40356400000000003, 1.0
292, 8, 3, 0.0001, 0.5377355, 0.5
293, 8, 4, 0.1, 0.2819705, 0.5
294, 8, 4, 0.01, 0.269392, 0.5
295, 8, 4, 0.001, 0.370021, 1.0
296, 8, 4, 0.0001, 0.5513625, 0.5
297, 8, 5, 0.1, 0.2704405, 0.5
298, 8, 5, 0.01, 0.25471699999999997, 0.5
299, 8, 5, 0.001, 0.34905699999999995, 1.0
300, 8, 5, 0.0001, 0.5545074999999999, 0.5
301, 8, 6, 0.1, 0.2704405, 0.5
302, 8, 6, 0.01, 0.264151, 0.5
303, 8, 6, 0.001, 0.3333335, 1.0
304, 8, 6, 0.0001, 0.552411, 0.5
305, 8, 7, 0.1, 0.263103, 1.0
306, 8, 7, 0.01, 0.2557655, 1.0
307, 8, 7, 0.001, 0.340671, 1.0
308, 8, 7, 0.0001, 0.5545070000000001, 0.5
309, 8, 8, 0.1, 0.25891, 1.0
310, 8, 8, 0.01, 0.25471699999999997, 1.0
311, 8, 8, 0.001, 0.348008, 1.0
312, 8, 8, 0.0001, 0.5492665000000001, 0.5
313, 8, 9, 0.1, 0.26100650000000003, 1.0
314, 8, 9, 0.01, 0.26100650000000003, 1.5
315, 8, 9, 0.001, 0.3427675, 0.5
316, 8, 9, 0.0001, 0.537736, 0.5
317, 8, 10, 0.1, 0.253669, 0.5
318, 8, 10, 0.01, 0.257862, 0.5
319, 8, 10, 0.001, 0.3448635, 0.5
320, 8, 10, 0.0001, 0.5471699999999999, 0.5
321, 9, 1, 0.1, 0.285115, 0.0
322, 9, 1, 0.01, 0.283019, 0.0
323, 9, 1, 0.001, 0.431866, 0.0
324, 9, 1, 0.0001, 0.5167715, 0.0
325, 9, 2, 0.1, 0.2631025, 0.0
326, 9, 2, 0.01, 0.261006, 0.0
327, 9, 2, 0.001, 0.38679250000000004, 0.0
328, 9, 2, 0.0001, 0.5262055, 0.0
329, 9, 3, 0.1, 0.2756815, 0.0
330, 9, 3, 0.01, 0.284067, 0.0
331, 9, 3, 0.001, 0.3259955, 0.0
332, 9, 3, 0.0001, 0.5209645, 0.0
333, 9, 4, 0.1, 0.25786149999999997, 0.0
334, 9, 4, 0.01, 0.259958, 0.0
335, 9, 4, 0.001, 0.31656150000000005, 0.0
336, 9, 4, 0.0001, 0.5209645, 0.0
337, 9, 5, 0.1, 0.2672955, 0.0
338, 9, 5, 0.01, 0.2641505, 0.0
339, 9, 5, 0.001, 0.309224, 0.0
340, 9, 5, 0.0001, 0.524109, 0.0
341, 9, 6, 0.1, 0.2557655, 0.0
342, 9, 6, 0.01, 0.2557655, 0.0
343, 9, 6, 0.001, 0.3291405, 0.5
344, 9, 6, 0.0001, 0.5209645, 0.0
345, 9, 7, 0.1, 0.2557655, 0.0
346, 9, 7, 0.01, 0.25891, 0.0
347, 9, 7, 0.001, 0.3186585, 0.5
348, 9, 7, 0.0001, 0.5136270000000001, 0.0
349, 9, 8, 0.1, 0.255765, 0.0
350, 9, 8, 0.01, 0.2484275, 0.0
351, 9, 8, 0.001, 0.2955975, 0.0
352, 9, 8, 0.0001, 0.518868, 0.0
353, 9, 9, 0.1, 0.253669, 0.0
354, 9, 9, 0.01, 0.252621, 0.0
355, 9, 9, 0.001, 0.3155135, 0.0
356, 9, 9, 0.0001, 0.5167715, 0.0
357, 9, 10, 0.1, 0.2557655, 0.5
358, 9, 10, 0.01, 0.26519899999999996, 0.5
359, 9, 10, 0.001, 0.3113205, 0.5
360, 9, 10, 0.0001, 0.5209645, 0.0
361, 10, 1, 0.1, 0.3157895, 0.0
362, 10, 1, 0.01, 0.3042105, 0.0
363, 10, 1, 0.001, 0.46842100000000003, 0.0
364, 10, 1, 0.0001, 0.551579, 0.0
365, 10, 2, 0.1, 0.293684, 0.0
366, 10, 2, 0.01, 0.29157900000000003, 0.0
367, 10, 2, 0.001, 0.40105250000000003, 0.0
368, 10, 2, 0.0001, 0.54, 0.0
369, 10, 3, 0.1, 0.283158, 0.0
370, 10, 3, 0.01, 0.29157900000000003, 0.0
371, 10, 3, 0.001, 0.37368450000000003, 0.0
372, 10, 3, 0.0001, 0.5389470000000001, 0.0
373, 10, 4, 0.1, 0.28842100000000004, 0.0
374, 10, 4, 0.01, 0.2936845, 0.0
375, 10, 4, 0.001, 0.3705265, 0.0
376, 10, 4, 0.0001, 0.5389475, 0.0
377, 10, 5, 0.1, 0.2705265, 0.0
378, 10, 5, 0.01, 0.2705265, 0.0
379, 10, 5, 0.001, 0.348421, 0.0
380, 10, 5, 0.0001, 0.5252635, 0.0
381, 10, 6, 0.1, 0.2726315, 0.0
382, 10, 6, 0.01, 0.28, 0.0
383, 10, 6, 0.001, 0.352632, 0.0
384, 10, 6, 0.0001, 0.5368425, 0.0
385, 10, 7, 0.1, 0.28526300000000004, 0.0
386, 10, 7, 0.01, 0.28105250000000004, 0.0
387, 10, 7, 0.001, 0.3526315, 0.0
388, 10, 7, 0.0001, 0.5473685, 0.0
389, 10, 8, 0.1, 0.290526, 0.0
390, 10, 8, 0.01, 0.28, 0.0
391, 10, 8, 0.001, 0.334737, 0.0
392, 10, 8, 0.0001, 0.5410525, 0.0
393, 10, 9, 0.1, 0.2757895, 0.0
394, 10, 9, 0.01, 0.266316, 0.0
395, 10, 9, 0.001, 0.3494735, 0.0
396, 10, 9, 0.0001, 0.5473685, 0.0
397, 10, 10, 0.1, 0.2663155, 0.0
398, 10, 10, 0.01, 0.2673685, 0.0
399, 10, 10, 0.001, 0.3642105, 0.5
400, 10, 10, 0.0001, 0.545263, 0.0
