1, 1, 1, 0.1, 0.375, 0.0
2, 1, 1, 0.01, 0.35625, 0.0
3, 1, 1, 0.001, 0.378125, 0.5
4, 1, 1, 0.0001, 0.37083350000000004, 0.5
5, 1, 2, 0.1, 0.33541699999999997, 0.0
6, 1, 2, 0.01, 0.35833349999999997, 0.5
7, 1, 2, 0.001, 0.3677085, 0.0
8, 1, 2, 0.0001, 0.37395849999999997, 0.0
9, 1, 3, 0.1, 0.334375, 1.0
10, 1, 3, 0.01, 0.33125, 1.0
11, 1, 3, 0.001, 0.3541665, 0.0
12, 1, 3, 0.0001, 0.3989585, 0.0
13, 1, 4, 0.1, 0.3135415, 0.5
14, 1, 4, 0.01, 0.325, 0.5
15, 1, 4, 0.001, 0.3541665, 2.0
16, 1, 4, 0.0001, 0.38125, 0.0
17, 1, 5, 0.1, 0.311458, 0.0
18, 1, 5, 0.01, 0.302083, 1.0
19, 1, 5, 0.001, 0.3375, 0.5
20, 1, 5, 0.0001, 0.373958, 0.5
21, 1, 6, 0.1, 0.284375, 0.5
22, 1, 6, 0.01, 0.303125, 0.5
23, 1, 6, 0.001, 0.309375, 0.5
24, 1, 6, 0.0001, 0.38958349999999997, 0.0
25, 1, 7, 0.1, 0.290625, 0.5
26, 1, 7, 0.01, 0.28541700000000003, 1.0
27, 1, 7, 0.001, 0.30937499999999996, 0.0
28, 1, 7, 0.0001, 0.384375, 1.0
29, 1, 8, 0.1, 0.270833, 0.5
30, 1, 8, 0.01, 0.278125, 0.5
31, 1, 8, 0.001, 0.3020835, 0.0
32, 1, 8, 0.0001, 0.380208, 0.0
33, 1, 9, 0.1, 0.284375, 1.0
34, 1, 9, 0.01, 0.275, 0.5
35, 1, 9, 0.001, 0.3, 1.5
36, 1, 9, 0.0001, 0.371875, 0.5
37, 1, 10, 0.1, 0.278125, 0.5
38, 1, 10, 0.01, 0.2625, 0.5
39, 1, 10, 0.001, 0.30000000000000004, 1.0
40, 1, 10, 0.0001, 0.384375, 0.0
41, 2, 1, 0.1, 0.3614585, 0.5
42, 2, 1, 0.01, 0.378125, 0.5
43, 2, 1, 0.001, 0.427083, 1.0
44, 2, 1, 0.0001, 0.4177085, 0.0
45, 2, 2, 0.1, 0.32395850000000004, 0.5
46, 2, 2, 0.01, 0.31875, 0.5
47, 2, 2, 0.001, 0.365625, 0.0
48, 2, 2, 0.0001, 0.421875, 0.5
49, 2, 3, 0.1, 0.309375, 0.5
50, 2, 3, 0.01, 0.29791650000000003, 0.5
51, 2, 3, 0.001, 0.3229165, 1.5
52, 2, 3, 0.0001, 0.421875, 0.0
53, 2, 4, 0.1, 0.26875, 1.0
54, 2, 4, 0.01, 0.26249999999999996, 0.5
55, 2, 4, 0.001, 0.309375, 0.5
56, 2, 4, 0.0001, 0.41145849999999995, 0.0
57, 2, 5, 0.1, 0.25104150000000003, 0.5
58, 2, 5, 0.01, 0.26875000000000004, 0.5
59, 2, 5, 0.001, 0.29375, 0.5
60, 2, 5, 0.0001, 0.41770799999999997, 0.0
61, 2, 6, 0.1, 0.26875000000000004, 0.5
62, 2, 6, 0.01, 0.260417, 0.5
63, 2, 6, 0.001, 0.2739585, 0.5
64, 2, 6, 0.0001, 0.416667, 0.0
65, 2, 7, 0.1, 0.2520835, 0.5
66, 2, 7, 0.01, 0.25, 0.5
67, 2, 7, 0.001, 0.2677085, 1.0
68, 2, 7, 0.0001, 0.415625, 0.0
69, 2, 8, 0.1, 0.25625, 0.5
70, 2, 8, 0.01, 0.2520835, 1.0
71, 2, 8, 0.001, 0.2791665, 1.0
72, 2, 8, 0.0001, 0.40520849999999997, 0.0
73, 2, 9, 0.1, 0.2583335, 0.5
74, 2, 9, 0.01, 0.236458, 1.0
75, 2, 9, 0.001, 0.275, 0.5
76, 2, 9, 0.0001, 0.405208, 0.5
77, 2, 10, 0.1, 0.24375, 1.0
78, 2, 10, 0.01, 0.2427085, 0.5
79, 2, 10, 0.001, 0.270833, 0.5
80, 2, 10, 0.0001, 0.423958, 1.0
81, 3, 1, 0.1, 0.340625, 0.5
82, 3, 1, 0.01, 0.325, 0.5
83, 3, 1, 0.001, 0.40208350000000004, 0.5
84, 3, 1, 0.0001, 0.4510415, 1.0
85, 3, 2, 0.1, 0.30625, 0.5
86, 3, 2, 0.01, 0.29791650000000003, 0.5
87, 3, 2, 0.001, 0.391667, 0.5
88, 3, 2, 0.0001, 0.44375, 0.5
89, 3, 3, 0.1, 0.2770835, 0.5
90, 3, 3, 0.01, 0.2875, 1.0
91, 3, 3, 0.001, 0.317708, 0.5
92, 3, 3, 0.0001, 0.436458, 0.5
93, 3, 4, 0.1, 0.290625, 0.5
94, 3, 4, 0.01, 0.259375, 1.0
95, 3, 4, 0.001, 0.3020835, 1.0
96, 3, 4, 0.0001, 0.42916699999999997, 0.5
97, 3, 5, 0.1, 0.2677085, 1.0
98, 3, 5, 0.01, 0.271875, 1.0
99, 3, 5, 0.001, 0.2854165, 1.0
100, 3, 5, 0.0001, 0.45, 0.5
101, 3, 6, 0.1, 0.259375, 1.0
102, 3, 6, 0.01, 0.265625, 1.0
103, 3, 6, 0.001, 0.2875, 1.0
104, 3, 6, 0.0001, 0.44375, 0.5
105, 3, 7, 0.1, 0.2697915, 1.0
106, 3, 7, 0.01, 0.2677085, 1.0
107, 3, 7, 0.001, 0.280208, 1.0
108, 3, 7, 0.0001, 0.434375, 0.5
109, 3, 8, 0.1, 0.2583335, 1.0
110, 3, 8, 0.01, 0.2677085, 0.5
111, 3, 8, 0.001, 0.28958300000000003, 1.0
112, 3, 8, 0.0001, 0.4447915, 1.0
113, 3, 9, 0.1, 0.247917, 1.0
114, 3, 9, 0.01, 0.25104150000000003, 1.0
115, 3, 9, 0.001, 0.2625, 1.0
116, 3, 9, 0.0001, 0.44166649999999996, 1.0
117, 3, 10, 0.1, 0.271875, 1.0
118, 3, 10, 0.01, 0.26979149999999996, 1.0
119, 3, 10, 0.001, 0.265625, 1.0
120, 3, 10, 0.0001, 0.43125, 0.5
121, 4, 1, 0.1, 0.311458, 0.5
122, 4, 1, 0.01, 0.3177085, 0.5
123, 4, 1, 0.001, 0.41770850000000004, 0.5
124, 4, 1, 0.0001, 0.4552085, 0.5
125, 4, 2, 0.1, 0.303125, 1.0
126, 4, 2, 0.01, 0.284375, 0.5
127, 4, 2, 0.001, 0.365625, 1.0
128, 4, 2, 0.0001, 0.47187500000000004, 0.5
129, 4, 3, 0.1, 0.26875000000000004, 1.0
130, 4, 3, 0.01, 0.2833335, 1.0
131, 4, 3, 0.001, 0.31145849999999997, 1.0
132, 4, 3, 0.0001, 0.459375, 0.5
133, 4, 4, 0.1, 0.265625, 1.0
134, 4, 4, 0.01, 0.265625, 0.5
135, 4, 4, 0.001, 0.2947915, 1.0
136, 4, 4, 0.0001, 0.46875, 0.5
137, 4, 5, 0.1, 0.2604165, 1.0
138, 4, 5, 0.01, 0.2677085, 0.5
139, 4, 5, 0.001, 0.3, 1.0
140, 4, 5, 0.0001, 0.4625, 1.5
141, 4, 6, 0.1, 0.25416649999999996, 1.0
142, 4, 6, 0.01, 0.2572915, 1.0
143, 4, 6, 0.001, 0.28541649999999996, 1.0
144, 4, 6, 0.0001, 0.46666700000000005, 0.5
145, 4, 7, 0.1, 0.25, 1.0
146, 4, 7, 0.01, 0.252083, 1.0
147, 4, 7, 0.001, 0.284375, 1.0
148, 4, 7, 0.0001, 0.467708, 0.5
149, 4, 8, 0.1, 0.23854150000000002, 1.0
150, 4, 8, 0.01, 0.240625, 1.0
151, 4, 8, 0.001, 0.2708335, 1.0
152, 4, 8, 0.0001, 0.45, 1.0
153, 4, 9, 0.1, 0.22812500000000002, 1.0
154, 4, 9, 0.01, 0.24791649999999998, 1.0
155, 4, 9, 0.001, 0.26875, 1.0
156, 4, 9, 0.0001, 0.4625, 0.5
157, 4, 10, 0.1, 0.2333335, 1.0
158, 4, 10, 0.01, 0.2354165, 1.0
159, 4, 10, 0.001, 0.2802085, 1.0
160, 4, 10, 0.0001, 0.463542, 0.5
161, 5, 1, 0.1, 0.3194155, 0.5
162, 5, 1, 0.01, 0.31210899999999997, 0.5
163, 5, 1, 0.001, 0.429019, 1.0
164, 5, 1, 0.0001, 0.473904, 0.5
165, 5, 2, 0.1, 0.295407, 0.5
166, 5, 2, 0.01, 0.300626, 0.5
167, 5, 2, 0.001, 0.39039650000000004, 0.5
168, 5, 2, 0.0001, 0.47912299999999997, 0.5
169, 5, 3, 0.1, 0.27661800000000003, 1.0
170, 5, 3, 0.01, 0.282881, 0.5
171, 5, 3, 0.001, 0.32672199999999996, 0.5
172, 5, 3, 0.0001, 0.48643000000000003, 0.5
173, 5, 4, 0.1, 0.28183749999999996, 1.0
174, 5, 4, 0.01, 0.2599165, 1.0
175, 5, 4, 0.001, 0.317328, 1.0
176, 5, 4, 0.0001, 0.4853865, 0.5
177, 5, 5, 0.1, 0.276618, 1.0
178, 5, 5, 0.01, 0.262004, 1.0
179, 5, 5, 0.001, 0.321503, 0.5
180, 5, 5, 0.0001, 0.48643000000000003, 0.5
181, 5, 6, 0.1, 0.275574, 1.0
182, 5, 6, 0.01, 0.2609605, 1.0
183, 5, 6, 0.001, 0.32672249999999997, 0.5
184, 5, 6, 0.0001, 0.47285999999999995, 0.5
185, 5, 7, 0.1, 0.2536535, 1.0
186, 5, 7, 0.01, 0.25678500000000004, 1.0
187, 5, 7, 0.001, 0.31523999999999996, 1.0
188, 5, 7, 0.0001, 0.482255, 0.5
189, 5, 8, 0.1, 0.257829, 1.0
190, 5, 8, 0.01, 0.270355, 1.0
191, 5, 8, 0.001, 0.30688950000000004, 1.0
192, 5, 8, 0.0001, 0.48121099999999994, 0.5
193, 5, 9, 0.1, 0.2599165, 1.0
194, 5, 9, 0.01, 0.2473905, 1.0
195, 5, 9, 0.001, 0.2985385, 1.0
196, 5, 9, 0.0001, 0.471816, 0.5
197, 5, 10, 0.1, 0.249478, 1.0
198, 5, 10, 0.01, 0.264092, 1.0
199, 5, 10, 0.001, 0.2995825, 1.0
200, 5, 10, 0.0001, 0.48747399999999996, 0.5
201, 6, 1, 0.1, 0.3162835, 0.5
202, 6, 1, 0.01, 0.3173275, 0.5
203, 6, 1, 0.001, 0.420668, 0.5
204, 6, 1, 0.0001, 0.47494800000000004, 0.0
205, 6, 2, 0.1, 0.29331949999999996, 0.5
206, 6, 2, 0.01, 0.275574, 0.5
207, 6, 2, 0.001, 0.38309000000000004, 0.5
208, 6, 2, 0.0001, 0.47285999999999995, 0.0
209, 6, 3, 0.1, 0.26826700000000003, 1.0
210, 6, 3, 0.01, 0.27661800000000003, 0.5
211, 6, 3, 0.001, 0.347599, 0.5
212, 6, 3, 0.0001, 0.4770355, 0.0
213, 6, 4, 0.1, 0.275574, 0.5
214, 6, 4, 0.01, 0.2682675, 1.0
215, 6, 4, 0.001, 0.316284, 1.0
216, 6, 4, 0.0001, 0.47077250000000004, 0.0
217, 6, 5, 0.1, 0.242171, 1.0
218, 6, 5, 0.01, 0.2546975, 1.0
219, 6, 5, 0.001, 0.30167, 1.0
220, 6, 5, 0.0001, 0.480167, 0.0
221, 6, 6, 0.1, 0.2463465, 1.0
222, 6, 6, 0.01, 0.263048, 1.0
223, 6, 6, 0.001, 0.304802, 1.0
224, 6, 6, 0.0001, 0.4759915, 0.5
225, 6, 7, 0.1, 0.24321500000000001, 1.0
226, 6, 7, 0.01, 0.249478, 1.0
227, 6, 7, 0.001, 0.308977, 1.0
228, 6, 7, 0.0001, 0.4780795, 0.0
229, 6, 8, 0.1, 0.2453025, 1.0
230, 6, 8, 0.01, 0.24530249999999998, 1.0
231, 6, 8, 0.001, 0.297495, 1.0
232, 6, 8, 0.0001, 0.47494800000000004, 0.5
233, 6, 9, 0.1, 0.2620045, 1.0
234, 6, 9, 0.01, 0.2599165, 1.0
235, 6, 9, 0.001, 0.2995825, 1.0
236, 6, 9, 0.0001, 0.480167, 0.0
237, 6, 10, 0.1, 0.258873, 1.0
238, 6, 10, 0.01, 0.23382050000000001, 1.0
239, 6, 10, 0.001, 0.283925, 1.0
240, 6, 10, 0.0001, 0.4759915, 0.0
241, 7, 1, 0.1, 0.2907945, 0.5
242, 7, 1, 0.01, 0.3043935, 0.5
243, 7, 1, 0.001, 0.441423, 0.5
244, 7, 1, 0.0001, 0.5, 0.5
245, 7, 2, 0.1, 0.2792885, 0.5
246, 7, 2, 0.01, 0.27719699999999997, 1.0
247, 7, 2, 0.001, 0.3849375, 0.5
248, 7, 2, 0.0001, 0.5104605, 0.5
249, 7, 3, 0.1, 0.2646445, 0.5
250, 7, 3, 0.01, 0.280335, 0.5
251, 7, 3, 0.001, 0.3451885, 0.5
252, 7, 3, 0.0001, 0.5167364999999999, 0.5
253, 7, 4, 0.1, 0.2364015, 0.5
254, 7, 4, 0.01, 0.2730125, 0.5
255, 7, 4, 0.001, 0.3179915, 0.5
256, 7, 4, 0.0001, 0.5010465, 0.5
257, 7, 5, 0.1, 0.258368, 0.5
258, 7, 5, 0.01, 0.2604605, 0.5
259, 7, 5, 0.001, 0.3085775, 0.5
260, 7, 5, 0.0001, 0.504184, 0.5
261, 7, 6, 0.1, 0.2719665, 0.5
262, 7, 6, 0.01, 0.2562765, 0.5
263, 7, 6, 0.001, 0.32113, 1.0
264, 7, 6, 0.0001, 0.5209205, 0.5
265, 7, 7, 0.1, 0.2698745, 1.0
266, 7, 7, 0.01, 0.2604605, 1.0
267, 7, 7, 0.001, 0.3148535, 1.0
268, 7, 7, 0.0001, 0.5094145, 0.5
269, 7, 8, 0.1, 0.256276, 1.0
270, 7, 8, 0.01, 0.2646445, 1.0
271, 7, 8, 0.001, 0.323222, 0.5
272, 7, 8, 0.0001, 0.524059, 0.5
273, 7, 9, 0.1, 0.261506, 1.0
274, 7, 9, 0.01, 0.253138, 1.0
275, 7, 9, 0.001, 0.29811699999999997, 0.5
276, 7, 9, 0.0001, 0.49477, 0.5
277, 7, 10, 0.1, 0.257322, 1.0
278, 7, 10, 0.01, 0.2677825, 1.0
279, 7, 10, 0.001, 0.3138075, 1.0
280, 7, 10, 0.0001, 0.524059, 0.5
281, 8, 1, 0.1, 0.327044, 0.5
282, 8, 1, 0.01, 0.3176105, 0.5
283, 8, 1, 0.001, 0.4559745, 0.5
284, 8, 1, 0.0001, 0.5503145, 0.5
285, 8, 2, 0.1, 0.28826, 0.5
286, 8, 2, 0.01, 0.2903565, 0.5
287, 8, 2, 0.001, 0.39622650000000004, 0.5
288, 8, 2, 0.0001, 0.5461215, 0.5
289, 8, 3, 0.1, 0.2798745, 0.5
290, 8, 3, 0.01, 0.27777799999999997, 0.5
291, 8, 3, 0.001, 0.36478, 0.5
292, 8, 3, 0.0001, 0.5471695000000001, 0.5
293, 8, 4, 0.1, 0.294549, 0.5
294, 8, 4, 0.01, 0.272537, 0.5
295, 8, 4, 0.001, 0.33543, 0.5
296, 8, 4, 0.0001, 0.5503145, 0.5
297, 8, 5, 0.1, 0.266247, 0.5
298, 8, 5, 0.01, 0.29979049999999996, 1.0
299, 8, 5, 0.001, 0.3427675, 0.5
300, 8, 5, 0.0001, 0.54717, 0.5
301, 8, 6, 0.1, 0.27044, 1.0
302, 8, 6, 0.01, 0.279874, 1.0
303, 8, 6, 0.001, 0.328092, 1.0
304, 8, 6, 0.0001, 0.5408805000000001, 0.5
305, 8, 7, 0.1, 0.264151, 1.0
306, 8, 7, 0.01, 0.26834349999999996, 1.0
307, 8, 7, 0.001, 0.34696000000000005, 1.0
308, 8, 7, 0.0001, 0.5513625, 0.5
309, 8, 8, 0.1, 0.25891, 1.0
310, 8, 8, 0.01, 0.2861635, 1.0
311, 8, 8, 0.001, 0.3490565, 1.0
312, 8, 8, 0.0001, 0.5607965, 0.5
313, 8, 9, 0.1, 0.278826, 1.0
314, 8, 9, 0.01, 0.264151, 1.0
315, 8, 9, 0.001, 0.3343815, 1.0
316, 8, 9, 0.0001, 0.5461215, 0.5
317, 8, 10, 0.1, 0.2777775, 1.0
318, 8, 10, 0.01, 0.2610065, 1.0
319, 8, 10, 0.001, 0.34067099999999995, 1.0
320, 8, 10, 0.0001, 0.5471699999999999, 0.5
321, 9, 1, 0.1, 0.309224, 0.5
322, 9, 1, 0.01, 0.2945495, 0.5
323, 9, 1, 0.001, 0.437107, 0.5
324, 9, 1, 0.0001, 0.5220125, 0.0
325, 9, 2, 0.1, 0.285115, 0.5
326, 9, 2, 0.01, 0.28092249999999996, 0.5
327, 9, 2, 0.001, 0.3658285, 0.5
328, 9, 2, 0.0001, 0.5199165, 0.0
329, 9, 3, 0.1, 0.28825999999999996, 0.5
330, 9, 3, 0.01, 0.284067, 0.5
331, 9, 3, 0.001, 0.359539, 0.5
332, 9, 3, 0.0001, 0.509434, 0.0
333, 9, 4, 0.1, 0.28092249999999996, 0.5
334, 9, 4, 0.01, 0.25786149999999997, 0.5
335, 9, 4, 0.001, 0.341719, 0.5
336, 9, 4, 0.0001, 0.5178200000000001, 0.0
337, 9, 5, 0.1, 0.26834349999999996, 0.5
338, 9, 5, 0.01, 0.26519899999999996, 0.5
339, 9, 5, 0.001, 0.3197065, 0.5
340, 9, 5, 0.0001, 0.5251575, 0.0
341, 9, 6, 0.1, 0.26100599999999996, 0.5
342, 9, 6, 0.01, 0.26624749999999997, 0.5
343, 9, 6, 0.001, 0.3427675, 0.5
344, 9, 6, 0.0001, 0.5136270000000001, 0.0
345, 9, 7, 0.1, 0.26205449999999997, 0.5
346, 9, 7, 0.01, 0.259958, 0.5
347, 9, 7, 0.001, 0.3280925, 0.5
348, 9, 7, 0.0001, 0.524109, 0.0
349, 9, 8, 0.1, 0.2631025, 0.5
350, 9, 8, 0.01, 0.26939199999999996, 0.5
351, 9, 8, 0.001, 0.3333335, 0.5
352, 9, 8, 0.0001, 0.5209645, 0.0
353, 9, 9, 0.1, 0.25471699999999997, 0.5
354, 9, 9, 0.01, 0.266247, 0.5
355, 9, 9, 0.001, 0.331237, 0.5
356, 9, 9, 0.0001, 0.520964, 0.0
357, 9, 10, 0.1, 0.259958, 0.5
358, 9, 10, 0.01, 0.25366849999999996, 0.5
359, 9, 10, 0.001, 0.3333335, 0.5
360, 9, 10, 0.0001, 0.5178195, 0.0
361, 10, 1, 0.1, 0.3357895, 0.5
362, 10, 1, 0.01, 0.346316, 0.5
363, 10, 1, 0.001, 0.5, 0.0
364, 10, 1, 0.0001, 0.534737, 0.0
365, 10, 2, 0.1, 0.3294735, 0.5
366, 10, 2, 0.01, 0.32210550000000004, 0.5
367, 10, 2, 0.001, 0.42842100000000005, 0.0
368, 10, 2, 0.0001, 0.54, 0.0
369, 10, 3, 0.1, 0.3063155, 0.5
370, 10, 3, 0.01, 0.276842, 0.0
371, 10, 3, 0.001, 0.4189475, 0.5
372, 10, 3, 0.0001, 0.5431575, 0.0
373, 10, 4, 0.1, 0.2873685, 0.5
374, 10, 4, 0.01, 0.30947349999999996, 0.5
375, 10, 4, 0.001, 0.376842, 0.0
376, 10, 4, 0.0001, 0.5305265, 0.0
377, 10, 5, 0.1, 0.2852635, 0.5
378, 10, 5, 0.01, 0.2821055, 0.5
379, 10, 5, 0.001, 0.36631600000000003, 0.0
380, 10, 5, 0.0001, 0.5431575, 0.0
381, 10, 6, 0.1, 0.28421050000000003, 0.0
382, 10, 6, 0.01, 0.2821055, 0.5
383, 10, 6, 0.001, 0.3673685, 0.5
384, 10, 6, 0.0001, 0.543158, 0.0
385, 10, 7, 0.1, 0.2926315, 0.5
386, 10, 7, 0.01, 0.2810525, 0.5
387, 10, 7, 0.001, 0.3873685, 0.5
388, 10, 7, 0.0001, 0.531579, 0.0
389, 10, 8, 0.1, 0.294737, 0.5
390, 10, 8, 0.01, 0.293684, 0.5
391, 10, 8, 0.001, 0.3652635, 0.5
392, 10, 8, 0.0001, 0.5473685, 0.0
393, 10, 9, 0.1, 0.30315800000000004, 0.5
394, 10, 9, 0.01, 0.2884215, 0.5
395, 10, 9, 0.001, 0.3526315, 0.5
396, 10, 9, 0.0001, 0.54, 0.0
397, 10, 10, 0.1, 0.31052599999999997, 0.5
398, 10, 10, 0.01, 0.26947350000000003, 0.5
399, 10, 10, 0.001, 0.36, 0.5
400, 10, 10, 0.0001, 0.534737, 0.0
