1, 1, 1, 1, 0.446875, 1.0
2, 1, 1, 2, 0.43125, 1.0
3, 1, 1, 3, 0.4135415, 1.0
4, 1, 1, 4, 0.3979165, 0.0
5, 1, 1, 5, 0.38749999999999996, 1.0
6, 1, 1, 6, 0.3708335, 0.5
7, 1, 1, 7, 0.3614585, 1.0
8, 1, 1, 8, 0.3552085, 0.0
9, 1, 1, 9, 0.346875, 0.5
10, 1, 1, 10, 0.3239585, 0.5
11, 1, 2, 1, 0.4395835, 0.5
12, 1, 2, 2, 0.428125, 0.5
13, 1, 2, 3, 0.41770850000000004, 0.0
14, 1, 2, 4, 0.380208, 0.5
15, 1, 2, 5, 0.395833, 0.5
16, 1, 2, 6, 0.348958, 1.0
17, 1, 2, 7, 0.353125, 0.5
18, 1, 2, 8, 0.365625, 1.0
19, 1, 2, 9, 0.3385415, 1.0
20, 1, 2, 10, 0.321875, 0.0
21, 1, 3, 1, 0.43854150000000003, 0.5
22, 1, 3, 2, 0.41770850000000004, 0.0
23, 1, 3, 3, 0.4177085, 0.5
24, 1, 3, 4, 0.3875, 0.5
25, 1, 3, 5, 0.361458, 1.0
26, 1, 3, 6, 0.3489585, 1.0
27, 1, 3, 7, 0.345833, 1.0
28, 1, 3, 8, 0.35, 0.0
29, 1, 3, 9, 0.321875, 1.5
30, 1, 3, 10, 0.313542, 1.0
31, 1, 4, 1, 0.45625, 0.5
32, 1, 4, 2, 0.43125, 0.5
33, 1, 4, 3, 0.40520849999999997, 1.0
34, 1, 4, 4, 0.396875, 0.5
35, 1, 4, 5, 0.3625, 0.0
36, 1, 4, 6, 0.353125, 0.5
37, 1, 4, 7, 0.3385415, 0.5
38, 1, 4, 8, 0.3416665, 1.0
39, 1, 4, 9, 0.34687500000000004, 1.5
40, 1, 4, 10, 0.3375, 1.0
41, 1, 5, 1, 0.436458, 1.0
42, 1, 5, 2, 0.42083349999999997, 1.0
43, 1, 5, 3, 0.41770799999999997, 0.5
44, 1, 5, 4, 0.4, 0.5
45, 1, 5, 5, 0.3677085, 1.0
46, 1, 5, 6, 0.34895849999999995, 0.0
47, 1, 5, 7, 0.34791649999999996, 0.0
48, 1, 5, 8, 0.35, 0.5
49, 1, 5, 9, 0.3375, 0.5
50, 1, 5, 10, 0.32708349999999997, 0.5
51, 1, 6, 1, 0.463542, 1.0
52, 1, 6, 2, 0.416667, 0.5
53, 1, 6, 3, 0.4125, 0.5
54, 1, 6, 4, 0.403125, 0.0
55, 1, 6, 5, 0.38645850000000004, 1.5
56, 1, 6, 6, 0.35, 1.0
57, 1, 6, 7, 0.35104199999999997, 0.0
58, 1, 6, 8, 0.346875, 1.0
59, 1, 6, 9, 0.34687500000000004, 1.0
60, 1, 6, 10, 0.309375, 0.5
61, 1, 7, 1, 0.43854150000000003, 1.0
62, 1, 7, 2, 0.428125, 0.0
63, 1, 7, 3, 0.4145835, 0.5
64, 1, 7, 4, 0.389583, 0.5
65, 1, 7, 5, 0.36875, 1.0
66, 1, 7, 6, 0.35625, 0.5
67, 1, 7, 7, 0.340625, 1.0
68, 1, 7, 8, 0.334375, 0.5
69, 1, 7, 9, 0.33229200000000003, 0.5
70, 1, 7, 10, 0.32708349999999997, 1.0
71, 1, 8, 1, 0.427083, 0.5
72, 1, 8, 2, 0.4302085, 1.0
73, 1, 8, 3, 0.421875, 0.5
74, 1, 8, 4, 0.3885415, 0.5
75, 1, 8, 5, 0.3645835, 1.0
76, 1, 8, 6, 0.36770800000000003, 0.0
77, 1, 8, 7, 0.35625, 0.5
78, 1, 8, 8, 0.334375, 0.5
79, 1, 8, 9, 0.321875, 0.0
80, 1, 8, 10, 0.31354150000000003, 1.5
81, 1, 9, 1, 0.455208, 1.0
82, 1, 9, 2, 0.415625, 1.0
83, 1, 9, 3, 0.42500000000000004, 1.0
84, 1, 9, 4, 0.40625, 1.5
85, 1, 9, 5, 0.35625, 0.5
86, 1, 9, 6, 0.3416665, 0.5
87, 1, 9, 7, 0.334375, 1.0
88, 1, 9, 8, 0.3385415, 0.0
89, 1, 9, 9, 0.338542, 1.0
90, 1, 9, 10, 0.3177085, 0.0
91, 1, 10, 1, 0.446875, 0.5
92, 1, 10, 2, 0.43645849999999997, 0.5
93, 1, 10, 3, 0.4125, 0.5
94, 1, 10, 4, 0.39583349999999995, 1.0
95, 1, 10, 5, 0.365625, 0.5
96, 1, 10, 6, 0.348958, 0.5
97, 1, 10, 7, 0.35104199999999997, 0.5
98, 1, 10, 8, 0.3364585, 1.0
99, 1, 10, 9, 0.3458335, 1.5
100, 1, 10, 10, 0.31666700000000003, 0.5
101, 2, 1, 1, 0.4625, 2.0
102, 2, 1, 2, 0.42500000000000004, 1.5
103, 2, 1, 3, 0.3875, 0.5
104, 2, 1, 4, 0.3645835, 0.5
105, 2, 1, 5, 0.32916650000000003, 0.5
106, 2, 1, 6, 0.33958350000000004, 0.5
107, 2, 1, 7, 0.2833335, 1.5
108, 2, 1, 8, 0.290625, 1.5
109, 2, 1, 9, 0.295833, 0.5
110, 2, 1, 10, 0.296875, 0.5
111, 2, 2, 1, 0.4635415, 2.0
112, 2, 2, 2, 0.42291650000000003, 1.5
113, 2, 2, 3, 0.38125, 1.0
114, 2, 2, 4, 0.35, 1.0
115, 2, 2, 5, 0.322917, 0.5
116, 2, 2, 6, 0.3177085, 0.5
117, 2, 2, 7, 0.2947915, 1.0
118, 2, 2, 8, 0.290625, 1.5
119, 2, 2, 9, 0.28541700000000003, 2.0
120, 2, 2, 10, 0.2854165, 1.5
121, 2, 3, 1, 0.4625, 1.5
122, 2, 3, 2, 0.388542, 0.5
123, 2, 3, 3, 0.388542, 1.5
124, 2, 3, 4, 0.323958, 1.5
125, 2, 3, 5, 0.3020835, 1.5
126, 2, 3, 6, 0.302083, 1.0
127, 2, 3, 7, 0.2885415, 2.0
128, 2, 3, 8, 0.2760415, 1.0
129, 2, 3, 9, 0.2760415, 1.0
130, 2, 3, 10, 0.25625, 0.5
131, 2, 4, 1, 0.45208349999999997, 1.0
132, 2, 4, 2, 0.42083349999999997, 0.5
133, 2, 4, 3, 0.377083, 1.5
134, 2, 4, 4, 0.33645800000000003, 0.5
135, 2, 4, 5, 0.28854199999999997, 1.0
136, 2, 4, 6, 0.29270850000000004, 1.0
137, 2, 4, 7, 0.282292, 1.0
138, 2, 4, 8, 0.2885415, 0.5
139, 2, 4, 9, 0.267708, 1.0
140, 2, 4, 10, 0.2677085, 1.0
141, 2, 5, 1, 0.46145800000000003, 2.0
142, 2, 5, 2, 0.416667, 0.5
143, 2, 5, 3, 0.39166650000000003, 1.0
144, 2, 5, 4, 0.3385415, 0.5
145, 2, 5, 5, 0.311458, 2.5
146, 2, 5, 6, 0.290625, 1.0
147, 2, 5, 7, 0.2854165, 1.0
148, 2, 5, 8, 0.2791665, 2.0
149, 2, 5, 9, 0.275, 1.0
150, 2, 5, 10, 0.284375, 1.0
151, 2, 6, 1, 0.4322915, 1.0
152, 2, 6, 2, 0.384375, 1.5
153, 2, 6, 3, 0.385417, 0.5
154, 2, 6, 4, 0.322917, 2.5
155, 2, 6, 5, 0.2864585, 0.5
156, 2, 6, 6, 0.2989585, 1.0
157, 2, 6, 7, 0.2791665, 0.5
158, 2, 6, 8, 0.2885415, 1.5
159, 2, 6, 9, 0.284375, 1.0
160, 2, 6, 10, 0.25625, 0.5
161, 2, 7, 1, 0.4583335, 1.5
162, 2, 7, 2, 0.40208350000000004, 1.5
163, 2, 7, 3, 0.3885415, 1.0
164, 2, 7, 4, 0.346875, 2.5
165, 2, 7, 5, 0.30625, 1.0
166, 2, 7, 6, 0.30000000000000004, 1.0
167, 2, 7, 7, 0.2885415, 1.0
168, 2, 7, 8, 0.2885415, 1.5
169, 2, 7, 9, 0.26458349999999997, 0.5
170, 2, 7, 10, 0.28229150000000003, 0.5
171, 2, 8, 1, 0.4479165, 1.0
172, 2, 8, 2, 0.3989585, 1.5
173, 2, 8, 3, 0.372917, 1.0
174, 2, 8, 4, 0.309375, 1.0
175, 2, 8, 5, 0.308333, 1.0
176, 2, 8, 6, 0.3020835, 1.5
177, 2, 8, 7, 0.28958300000000003, 0.5
178, 2, 8, 8, 0.2833335, 1.0
179, 2, 8, 9, 0.271875, 1.5
180, 2, 8, 10, 0.2760415, 1.0
181, 2, 9, 1, 0.44479199999999997, 1.0
182, 2, 9, 2, 0.3979165, 0.5
183, 2, 9, 3, 0.3791665, 1.5
184, 2, 9, 4, 0.35520850000000004, 1.5
185, 2, 9, 5, 0.310417, 1.5
186, 2, 9, 6, 0.2895835, 1.0
187, 2, 9, 7, 0.291667, 2.0
188, 2, 9, 8, 0.290625, 0.5
189, 2, 9, 9, 0.2864585, 1.5
190, 2, 9, 10, 0.265625, 1.0
191, 2, 10, 1, 0.460417, 0.5
192, 2, 10, 2, 0.42604149999999996, 0.5
193, 2, 10, 3, 0.384375, 1.5
194, 2, 10, 4, 0.3458335, 1.5
195, 2, 10, 5, 0.303125, 1.0
196, 2, 10, 6, 0.2895835, 1.0
197, 2, 10, 7, 0.2916665, 1.0
198, 2, 10, 8, 0.283333, 1.5
199, 2, 10, 9, 0.2854165, 1.5
200, 2, 10, 10, 0.2791665, 2.0
201, 3, 1, 1, 0.45416650000000003, 0.5
202, 3, 1, 2, 0.41875, 2.0
203, 3, 1, 3, 0.38749999999999996, 0.5
204, 3, 1, 4, 0.3625, 1.0
205, 3, 1, 5, 0.3041665, 1.0
206, 3, 1, 6, 0.30104200000000003, 1.0
207, 3, 1, 7, 0.29375, 1.0
208, 3, 1, 8, 0.2864585, 1.0
209, 3, 1, 9, 0.28125, 0.5
210, 3, 1, 10, 0.3020835, 1.0
211, 3, 2, 1, 0.447917, 0.5
212, 3, 2, 2, 0.409375, 0.5
213, 3, 2, 3, 0.346875, 1.0
214, 3, 2, 4, 0.3333335, 0.5
215, 3, 2, 5, 0.3125, 1.0
216, 3, 2, 6, 0.298958, 1.0
217, 3, 2, 7, 0.28541649999999996, 1.0
218, 3, 2, 8, 0.278125, 1.0
219, 3, 2, 9, 0.28854199999999997, 1.0
220, 3, 2, 10, 0.28437500000000004, 1.0
221, 3, 3, 1, 0.453125, 0.5
222, 3, 3, 2, 0.3770835, 0.5
223, 3, 3, 3, 0.3479165, 0.5
224, 3, 3, 4, 0.3135415, 0.5
225, 3, 3, 5, 0.30937499999999996, 1.0
226, 3, 3, 6, 0.29583349999999997, 1.0
227, 3, 3, 7, 0.2875, 1.0
228, 3, 3, 8, 0.2708335, 1.0
229, 3, 3, 9, 0.297917, 1.0
230, 3, 3, 10, 0.290625, 1.0
231, 3, 4, 1, 0.459375, 0.5
232, 3, 4, 2, 0.409375, 0.5
233, 3, 4, 3, 0.342708, 1.0
234, 3, 4, 4, 0.3, 0.5
235, 3, 4, 5, 0.30625, 0.5
236, 3, 4, 6, 0.3010415, 1.0
237, 3, 4, 7, 0.3072915, 1.0
238, 3, 4, 8, 0.283333, 1.0
239, 3, 4, 9, 0.29791650000000003, 1.0
240, 3, 4, 10, 0.295833, 1.0
241, 3, 5, 1, 0.455208, 0.5
242, 3, 5, 2, 0.39166650000000003, 0.5
243, 3, 5, 3, 0.346875, 0.5
244, 3, 5, 4, 0.3260415, 0.5
245, 3, 5, 5, 0.2875, 1.0
246, 3, 5, 6, 0.2895835, 0.5
247, 3, 5, 7, 0.271875, 1.0
248, 3, 5, 8, 0.2729165, 1.0
249, 3, 5, 9, 0.265625, 1.0
250, 3, 5, 10, 0.27395800000000003, 1.0
251, 3, 6, 1, 0.4635415, 0.5
252, 3, 6, 2, 0.408333, 0.5
253, 3, 6, 3, 0.34375, 0.5
254, 3, 6, 4, 0.3083335, 0.5
255, 3, 6, 5, 0.3052085, 1.0
256, 3, 6, 6, 0.289583, 1.0
257, 3, 6, 7, 0.29791650000000003, 1.0
258, 3, 6, 8, 0.290625, 1.0
259, 3, 6, 9, 0.28229150000000003, 1.0
260, 3, 6, 10, 0.2895835, 1.0
261, 3, 7, 1, 0.466667, 0.5
262, 3, 7, 2, 0.389583, 0.5
263, 3, 7, 3, 0.33958299999999997, 0.5
264, 3, 7, 4, 0.315625, 0.5
265, 3, 7, 5, 0.325, 1.0
266, 3, 7, 6, 0.291667, 1.0
267, 3, 7, 7, 0.284375, 1.0
268, 3, 7, 8, 0.29375, 1.0
269, 3, 7, 9, 0.2895835, 1.0
270, 3, 7, 10, 0.26875, 1.0
271, 3, 8, 1, 0.46875, 1.5
272, 3, 8, 2, 0.3958335, 0.5
273, 3, 8, 3, 0.336458, 1.0
274, 3, 8, 4, 0.309375, 0.5
275, 3, 8, 5, 0.3052085, 1.0
276, 3, 8, 6, 0.2979165, 0.5
277, 3, 8, 7, 0.3020835, 1.0
278, 3, 8, 8, 0.278125, 1.0
279, 3, 8, 9, 0.26875, 1.0
280, 3, 8, 10, 0.278125, 1.0
281, 3, 9, 1, 0.44999999999999996, 0.5
282, 3, 9, 2, 0.396875, 0.5
283, 3, 9, 3, 0.34375, 0.5
284, 3, 9, 4, 0.303125, 0.5
285, 3, 9, 5, 0.30416699999999997, 1.0
286, 3, 9, 6, 0.291667, 1.0
287, 3, 9, 7, 0.29583349999999997, 1.0
288, 3, 9, 8, 0.290625, 1.0
289, 3, 9, 9, 0.2875, 1.0
290, 3, 9, 10, 0.2927085, 1.0
291, 3, 10, 1, 0.4625, 0.5
292, 3, 10, 2, 0.384375, 0.5
293, 3, 10, 3, 0.329167, 0.5
294, 3, 10, 4, 0.3229165, 0.5
295, 3, 10, 5, 0.3020835, 1.0
296, 3, 10, 6, 0.296875, 0.5
297, 3, 10, 7, 0.29270850000000004, 1.0
298, 3, 10, 8, 0.2875, 1.0
299, 3, 10, 9, 0.283333, 1.0
300, 3, 10, 10, 0.265625, 1.0
301, 4, 1, 1, 0.4770835, 0.5
302, 4, 1, 2, 0.4197915, 0.5
303, 4, 1, 3, 0.367708, 0.5
304, 4, 1, 4, 0.32083300000000003, 1.0
305, 4, 1, 5, 0.3041665, 1.5
306, 4, 1, 6, 0.3145835, 0.5
307, 4, 1, 7, 0.28229150000000003, 1.0
308, 4, 1, 8, 0.2895835, 1.0
309, 4, 1, 9, 0.2833335, 1.0
310, 4, 1, 10, 0.2864585, 1.0
311, 4, 2, 1, 0.484375, 0.5
312, 4, 2, 2, 0.403125, 0.5
313, 4, 2, 3, 0.34270849999999997, 0.5
314, 4, 2, 4, 0.321875, 1.0
315, 4, 2, 5, 0.3072915, 1.0
316, 4, 2, 6, 0.320833, 1.0
317, 4, 2, 7, 0.2947915, 1.0
318, 4, 2, 8, 0.2791665, 1.0
319, 4, 2, 9, 0.29270850000000004, 1.0
320, 4, 2, 10, 0.2583335, 1.0
321, 4, 3, 1, 0.484375, 0.5
322, 4, 3, 2, 0.39166650000000003, 0.5
323, 4, 3, 3, 0.335417, 0.5
324, 4, 3, 4, 0.321875, 1.0
325, 4, 3, 5, 0.30625, 1.0
326, 4, 3, 6, 0.2927085, 1.0
327, 4, 3, 7, 0.2885415, 1.0
328, 4, 3, 8, 0.283333, 1.0
329, 4, 3, 9, 0.29270799999999997, 1.0
330, 4, 3, 10, 0.270833, 1.0
331, 4, 4, 1, 0.478125, 1.0
332, 4, 4, 2, 0.385417, 0.5
333, 4, 4, 3, 0.33958350000000004, 0.5
334, 4, 4, 4, 0.315625, 1.0
335, 4, 4, 5, 0.2979165, 1.0
336, 4, 4, 6, 0.291667, 1.0
337, 4, 4, 7, 0.2885415, 1.0
338, 4, 4, 8, 0.3, 1.0
339, 4, 4, 9, 0.294792, 1.0
340, 4, 4, 10, 0.2875, 1.0
341, 4, 5, 1, 0.4572915, 0.5
342, 4, 5, 2, 0.3927085, 0.5
343, 4, 5, 3, 0.322917, 0.5
344, 4, 5, 4, 0.3125, 1.0
345, 4, 5, 5, 0.3, 1.0
346, 4, 5, 6, 0.3020835, 1.0
347, 4, 5, 7, 0.304167, 1.0
348, 4, 5, 8, 0.30104149999999996, 1.0
349, 4, 5, 9, 0.3010415, 1.0
350, 4, 5, 10, 0.28125, 1.0
351, 4, 6, 1, 0.454167, 0.5
352, 4, 6, 2, 0.394792, 0.5
353, 4, 6, 3, 0.3208335, 0.5
354, 4, 6, 4, 0.321875, 0.5
355, 4, 6, 5, 0.2895835, 1.0
356, 4, 6, 6, 0.3020835, 1.0
357, 4, 6, 7, 0.29374999999999996, 1.0
358, 4, 6, 8, 0.3041665, 1.0
359, 4, 6, 9, 0.3145835, 1.0
360, 4, 6, 10, 0.278125, 1.0
361, 4, 7, 1, 0.4708335, 0.5
362, 4, 7, 2, 0.3802085, 1.0
363, 4, 7, 3, 0.3385415, 0.5
364, 4, 7, 4, 0.30520800000000003, 1.0
365, 4, 7, 5, 0.30416699999999997, 1.0
366, 4, 7, 6, 0.2854165, 1.0
367, 4, 7, 7, 0.296875, 1.0
368, 4, 7, 8, 0.27708350000000004, 1.0
369, 4, 7, 9, 0.290625, 1.0
370, 4, 7, 10, 0.31145849999999997, 1.0
371, 4, 8, 1, 0.4635415, 0.5
372, 4, 8, 2, 0.3958335, 1.0
373, 4, 8, 3, 0.348958, 0.5
374, 4, 8, 4, 0.3208335, 1.0
375, 4, 8, 5, 0.2864585, 1.0
376, 4, 8, 6, 0.2947915, 1.0
377, 4, 8, 7, 0.288542, 1.0
378, 4, 8, 8, 0.296875, 1.0
379, 4, 8, 9, 0.3125, 1.0
380, 4, 8, 10, 0.28541649999999996, 1.0
381, 4, 9, 1, 0.454167, 0.5
382, 4, 9, 2, 0.415625, 0.5
383, 4, 9, 3, 0.3520835, 1.0
384, 4, 9, 4, 0.3291665, 1.0
385, 4, 9, 5, 0.3197915, 0.5
386, 4, 9, 6, 0.30416699999999997, 1.0
387, 4, 9, 7, 0.296875, 1.0
388, 4, 9, 8, 0.28854199999999997, 1.0
389, 4, 9, 9, 0.2979165, 1.0
390, 4, 9, 10, 0.29270850000000004, 1.0
391, 4, 10, 1, 0.48333349999999997, 0.5
392, 4, 10, 2, 0.3875, 0.5
393, 4, 10, 3, 0.326042, 1.0
394, 4, 10, 4, 0.3197915, 0.5
395, 4, 10, 5, 0.294792, 1.0
396, 4, 10, 6, 0.290625, 1.0
397, 4, 10, 7, 0.2864585, 1.0
398, 4, 10, 8, 0.30416699999999997, 1.0
399, 4, 10, 9, 0.277083, 1.0
400, 4, 10, 10, 0.28958300000000003, 1.0
401, 5, 1, 1, 0.49164949999999996, 0.0
402, 5, 1, 2, 0.426931, 0.5
403, 5, 1, 3, 0.395616, 0.5
404, 5, 1, 4, 0.375783, 1.0
405, 5, 1, 5, 0.35281799999999996, 0.5
406, 5, 1, 6, 0.3382045, 1.5
407, 5, 1, 7, 0.3058455, 0.5
408, 5, 1, 8, 0.32254700000000003, 1.0
409, 5, 1, 9, 0.290188, 0.5
410, 5, 1, 10, 0.3319415, 1.0
411, 5, 2, 1, 0.485386, 0.0
412, 5, 2, 2, 0.42588750000000003, 0.5
413, 5, 2, 3, 0.36952, 0.5
414, 5, 2, 4, 0.34864300000000004, 0.5
415, 5, 2, 5, 0.3382045, 0.5
416, 5, 2, 6, 0.3308975, 1.0
417, 5, 2, 7, 0.3068895, 1.0
418, 5, 2, 8, 0.304802, 1.5
419, 5, 2, 9, 0.3121085, 1.0
420, 5, 2, 10, 0.3183715, 1.0
421, 5, 3, 1, 0.471816, 0.5
422, 5, 3, 2, 0.39666, 0.5
423, 5, 3, 3, 0.36116899999999996, 0.5
424, 5, 3, 4, 0.3496865, 1.0
425, 5, 3, 5, 0.31837150000000003, 1.0
426, 5, 3, 6, 0.336117, 1.0
427, 5, 3, 7, 0.30793349999999997, 0.5
428, 5, 3, 8, 0.31106500000000004, 1.0
429, 5, 3, 9, 0.3048015, 1.0
430, 5, 3, 10, 0.3068895, 1.0
431, 5, 4, 1, 0.4759915, 0.5
432, 5, 4, 2, 0.39666, 0.5
433, 5, 4, 3, 0.3611695, 1.0
434, 5, 4, 4, 0.3444675, 0.5
435, 5, 4, 5, 0.304802, 0.5
436, 5, 4, 6, 0.3298535, 1.0
437, 5, 4, 7, 0.31106500000000004, 1.0
438, 5, 4, 8, 0.30688899999999997, 1.0
439, 5, 4, 9, 0.307933, 1.0
440, 5, 4, 10, 0.324635, 1.0
441, 5, 5, 1, 0.47703549999999995, 0.5
442, 5, 5, 2, 0.414405, 0.5
443, 5, 5, 3, 0.34551149999999997, 0.5
444, 5, 5, 4, 0.338205, 0.5
445, 5, 5, 5, 0.3215035, 1.0
446, 5, 5, 6, 0.329854, 1.0
447, 5, 5, 7, 0.316284, 0.5
448, 5, 5, 8, 0.3246345, 1.0
449, 5, 5, 9, 0.310021, 1.0
450, 5, 5, 10, 0.316284, 1.0
451, 5, 6, 1, 0.48851749999999994, 0.5
452, 5, 6, 2, 0.40083500000000005, 0.5
453, 5, 6, 3, 0.3517745, 0.5
454, 5, 6, 4, 0.3267225, 1.0
455, 5, 6, 5, 0.3256785, 1.0
456, 5, 6, 6, 0.3277665, 1.0
457, 5, 6, 7, 0.317328, 1.0
458, 5, 6, 8, 0.3058455, 1.0
459, 5, 6, 9, 0.3037575, 1.0
460, 5, 6, 10, 0.310021, 1.0
461, 5, 7, 1, 0.4707725, 0.5
462, 5, 7, 2, 0.408142, 0.5
463, 5, 7, 3, 0.354906, 0.5
464, 5, 7, 4, 0.340292, 0.5
465, 5, 7, 5, 0.317328, 1.0
466, 5, 7, 6, 0.3340295, 0.5
467, 5, 7, 7, 0.3110645, 1.0
468, 5, 7, 8, 0.30688950000000004, 0.5
469, 5, 7, 9, 0.304802, 1.0
470, 5, 7, 10, 0.3058455, 1.0
471, 5, 8, 1, 0.474948, 0.5
472, 5, 8, 2, 0.401879, 0.5
473, 5, 8, 3, 0.354906, 0.5
474, 5, 8, 4, 0.334029, 1.0
475, 5, 8, 5, 0.317328, 1.0
476, 5, 8, 6, 0.295407, 1.0
477, 5, 8, 7, 0.312109, 1.0
478, 5, 8, 8, 0.31210899999999997, 1.0
479, 5, 8, 9, 0.3235905, 1.0
480, 5, 8, 10, 0.302714, 1.0
481, 5, 9, 1, 0.4895615, 0.5
482, 5, 9, 2, 0.40292249999999996, 0.5
483, 5, 9, 3, 0.34238, 0.5
484, 5, 9, 4, 0.347599, 0.5
485, 5, 9, 5, 0.34238, 0.5
486, 5, 9, 6, 0.329854, 1.0
487, 5, 9, 7, 0.308977, 1.0
488, 5, 9, 8, 0.303758, 1.0
489, 5, 9, 9, 0.3246345, 1.0
490, 5, 9, 10, 0.302714, 1.0
491, 5, 10, 1, 0.478079, 0.5
492, 5, 10, 2, 0.3914405, 0.5
493, 5, 10, 3, 0.34446750000000004, 0.5
494, 5, 10, 4, 0.3392485, 1.0
495, 5, 10, 5, 0.3402925, 1.0
496, 5, 10, 6, 0.326722, 1.0
497, 5, 10, 7, 0.31941549999999996, 1.0
498, 5, 10, 8, 0.30688950000000004, 1.0
499, 5, 10, 9, 0.291232, 1.0
500, 5, 10, 10, 0.316284, 1.0
501, 6, 1, 1, 0.490605, 0.5
502, 6, 1, 2, 0.43632550000000003, 1.0
503, 6, 1, 3, 0.3778705, 1.5
504, 6, 1, 4, 0.3997915, 0.5
505, 6, 1, 5, 0.343424, 0.5
506, 6, 1, 6, 0.336117, 0.5
507, 6, 1, 7, 0.321503, 1.0
508, 6, 1, 8, 0.302714, 1.0
509, 6, 1, 9, 0.290188, 0.5
510, 6, 1, 10, 0.2995825, 1.0
511, 6, 2, 1, 0.479123, 0.5
512, 6, 2, 2, 0.4175365, 0.5
513, 6, 2, 3, 0.3632565, 0.5
514, 6, 2, 4, 0.339248, 0.5
515, 6, 2, 5, 0.3173275, 1.0
516, 6, 2, 6, 0.32254700000000003, 1.0
517, 6, 2, 7, 0.32254700000000003, 1.0
518, 6, 2, 8, 0.31524, 1.0
519, 6, 2, 9, 0.3058455, 0.5
520, 6, 2, 10, 0.316284, 1.0
521, 6, 3, 1, 0.4676405, 0.5
522, 6, 3, 2, 0.3977035, 0.5
523, 6, 3, 3, 0.32881, 1.0
524, 6, 3, 4, 0.318372, 0.5
525, 6, 3, 5, 0.3204595, 1.0
526, 6, 3, 6, 0.3058455, 1.0
527, 6, 3, 7, 0.311065, 1.0
528, 6, 3, 8, 0.321503, 1.0
529, 6, 3, 9, 0.3016705, 1.0
530, 6, 3, 10, 0.3235905, 1.0
531, 6, 4, 1, 0.44050100000000003, 0.5
532, 6, 4, 2, 0.37473900000000004, 0.5
533, 6, 4, 3, 0.343424, 0.5
534, 6, 4, 4, 0.33089749999999996, 1.0
535, 6, 4, 5, 0.31837150000000003, 1.0
536, 6, 4, 6, 0.32881, 1.0
537, 6, 4, 7, 0.310021, 0.5
538, 6, 4, 8, 0.3235905, 1.0
539, 6, 4, 9, 0.3204595, 1.0
540, 6, 4, 10, 0.311065, 1.0
541, 6, 5, 1, 0.4582465, 0.5
542, 6, 5, 2, 0.38100199999999995, 0.5
543, 6, 5, 3, 0.3402925, 0.5
544, 6, 5, 4, 0.3329855, 1.0
545, 6, 5, 5, 0.31106449999999997, 0.5
546, 6, 5, 6, 0.31941549999999996, 1.0
547, 6, 5, 7, 0.320459, 1.0
548, 6, 5, 8, 0.3068895, 1.0
549, 6, 5, 9, 0.296451, 1.0
550, 6, 5, 10, 0.31523999999999996, 1.0
551, 6, 6, 1, 0.45929000000000003, 0.5
552, 6, 6, 2, 0.37473900000000004, 0.5
553, 6, 6, 3, 0.348643, 0.5
554, 6, 6, 4, 0.32881, 0.5
555, 6, 6, 5, 0.324635, 1.0
556, 6, 6, 6, 0.3319415, 0.5
557, 6, 6, 7, 0.310021, 1.0
558, 6, 6, 8, 0.3194155, 1.0
559, 6, 6, 9, 0.327766, 1.0
560, 6, 6, 10, 0.3152405, 1.0
561, 6, 7, 1, 0.46555349999999995, 0.5
562, 6, 7, 2, 0.37891450000000004, 0.5
563, 6, 7, 3, 0.3371605, 0.5
564, 6, 7, 4, 0.330898, 0.5
565, 6, 7, 5, 0.320459, 1.0
566, 6, 7, 6, 0.320459, 1.0
567, 6, 7, 7, 0.321503, 1.0
568, 6, 7, 8, 0.327766, 1.0
569, 6, 7, 9, 0.3058455, 1.0
570, 6, 7, 10, 0.302714, 1.0
571, 6, 8, 1, 0.4665975, 0.5
572, 6, 8, 2, 0.3778705, 0.5
573, 6, 8, 3, 0.34968699999999997, 0.5
574, 6, 8, 4, 0.32881, 0.5
575, 6, 8, 5, 0.310021, 0.5
576, 6, 8, 6, 0.327766, 1.0
577, 6, 8, 7, 0.31523999999999996, 1.0
578, 6, 8, 8, 0.3194155, 1.0
579, 6, 8, 9, 0.318372, 1.0
580, 6, 8, 10, 0.307933, 1.0
581, 6, 9, 1, 0.45824600000000004, 0.5
582, 6, 9, 2, 0.39666, 0.5
583, 6, 9, 3, 0.3517745, 0.5
584, 6, 9, 4, 0.3298535, 1.0
585, 6, 9, 5, 0.311065, 0.5
586, 6, 9, 6, 0.310021, 1.0
587, 6, 9, 7, 0.3131525, 1.0
588, 6, 9, 8, 0.31523999999999996, 1.0
589, 6, 9, 9, 0.3058455, 1.0
590, 6, 9, 10, 0.30688950000000004, 1.0
591, 6, 10, 1, 0.462422, 0.5
592, 6, 10, 2, 0.4102295, 0.5
593, 6, 10, 3, 0.34133600000000003, 0.5
594, 6, 10, 4, 0.3267225, 1.0
595, 6, 10, 5, 0.32254700000000003, 1.0
596, 6, 10, 6, 0.3267225, 1.0
597, 6, 10, 7, 0.3215035, 1.0
598, 6, 10, 8, 0.3058455, 1.0
599, 6, 10, 9, 0.31523999999999996, 1.0
600, 6, 10, 10, 0.31523999999999996, 1.0
601, 7, 1, 1, 0.49581600000000003, 0.0
602, 7, 1, 2, 0.422594, 0.0
603, 7, 1, 3, 0.341004, 0.0
604, 7, 1, 4, 0.38179949999999996, 0.5
605, 7, 1, 5, 0.3472805, 0.5
606, 7, 1, 6, 0.332636, 0.5
607, 7, 1, 7, 0.3138075, 0.5
608, 7, 1, 8, 0.3284515, 0.5
609, 7, 1, 9, 0.304393, 1.5
610, 7, 1, 10, 0.3190375, 0.5
611, 7, 2, 1, 0.4958155, 0.0
612, 7, 2, 2, 0.414226, 0.5
613, 7, 2, 3, 0.35355650000000005, 0.0
614, 7, 2, 4, 0.3587865, 0.5
615, 7, 2, 5, 0.33682, 0.5
616, 7, 2, 6, 0.33472799999999997, 0.5
617, 7, 2, 7, 0.3274055, 0.5
618, 7, 2, 8, 0.33263600000000004, 0.5
619, 7, 2, 9, 0.34205, 0.5
620, 7, 2, 10, 0.3138075, 1.0
621, 7, 3, 1, 0.5052300000000001, 0.0
622, 7, 3, 2, 0.4069035, 0.5
623, 7, 3, 3, 0.3880755, 0.5
624, 7, 3, 4, 0.3587865, 0.5
625, 7, 3, 5, 0.338912, 0.5
626, 7, 3, 6, 0.330544, 1.0
627, 7, 3, 7, 0.320084, 0.5
628, 7, 3, 8, 0.3096235, 1.0
629, 7, 3, 9, 0.327406, 0.5
630, 7, 3, 10, 0.3221755, 0.5
631, 7, 4, 1, 0.497908, 0.0
632, 7, 4, 2, 0.39748950000000005, 0.5
633, 7, 4, 3, 0.3546025, 0.5
634, 7, 4, 4, 0.3598325, 0.5
635, 7, 4, 5, 0.32636, 0.5
636, 7, 4, 6, 0.33159, 1.0
637, 7, 4, 7, 0.3096235, 1.0
638, 7, 4, 8, 0.3284515, 0.5
639, 7, 4, 9, 0.319038, 1.0
640, 7, 4, 10, 0.301255, 1.0
641, 7, 5, 1, 0.5020925, 0.0
642, 7, 5, 2, 0.401674, 0.5
643, 7, 5, 3, 0.3483265, 0.5
644, 7, 5, 4, 0.3472805, 1.0
645, 7, 5, 5, 0.339958, 0.5
646, 7, 5, 6, 0.334728, 1.0
647, 7, 5, 7, 0.33159, 1.0
648, 7, 5, 8, 0.3232215, 1.0
649, 7, 5, 9, 0.33368200000000003, 0.5
650, 7, 5, 10, 0.3002095, 1.0
651, 7, 6, 1, 0.49581600000000003, 0.0
652, 7, 6, 2, 0.40272, 0.5
653, 7, 6, 3, 0.3776155, 0.5
654, 7, 6, 4, 0.3650625, 0.5
655, 7, 6, 5, 0.337866, 0.5
656, 7, 6, 6, 0.3284515, 0.5
657, 7, 6, 7, 0.3211295, 0.5
658, 7, 6, 8, 0.3253135, 0.5
659, 7, 6, 9, 0.33159, 0.5
660, 7, 6, 10, 0.3064855, 1.0
661, 7, 7, 1, 0.4759415, 0.0
662, 7, 7, 2, 0.415272, 0.5
663, 7, 7, 3, 0.3566945, 0.5
664, 7, 7, 4, 0.3546025, 0.5
665, 7, 7, 5, 0.350418, 0.5
666, 7, 7, 6, 0.34937250000000003, 0.5
667, 7, 7, 7, 0.32845199999999997, 0.5
668, 7, 7, 8, 0.3200835, 0.5
669, 7, 7, 9, 0.327406, 0.5
670, 7, 7, 10, 0.3148535, 1.0
671, 7, 8, 1, 0.4916315, 0.0
672, 7, 8, 2, 0.4299165, 0.5
673, 7, 8, 3, 0.369247, 0.5
674, 7, 8, 4, 0.3399585, 0.5
675, 7, 8, 5, 0.3305435, 1.0
676, 7, 8, 6, 0.35460250000000004, 1.0
677, 7, 8, 7, 0.32008349999999997, 0.5
678, 7, 8, 8, 0.337866, 0.5
679, 7, 8, 9, 0.316946, 1.0
680, 7, 8, 10, 0.3179915, 0.5
681, 7, 9, 1, 0.49790799999999996, 0.0
682, 7, 9, 2, 0.39748949999999994, 0.5
683, 7, 9, 3, 0.3566945, 0.5
684, 7, 9, 4, 0.3483265, 0.5
685, 7, 9, 5, 0.341004, 0.5
686, 7, 9, 6, 0.31903750000000003, 1.0
687, 7, 9, 7, 0.33159, 1.0
688, 7, 9, 8, 0.35564850000000003, 0.5
689, 7, 9, 9, 0.3096235, 1.0
690, 7, 9, 10, 0.3305435, 1.0
691, 7, 10, 1, 0.49163199999999996, 0.0
692, 7, 10, 2, 0.4006275, 0.5
693, 7, 10, 3, 0.37866099999999997, 0.5
694, 7, 10, 4, 0.3389125, 0.5
695, 7, 10, 5, 0.343096, 0.5
696, 7, 10, 6, 0.3410045, 1.0
697, 7, 10, 7, 0.32112999999999997, 1.0
698, 7, 10, 8, 0.327406, 1.0
699, 7, 10, 9, 0.334728, 0.5
700, 7, 10, 10, 0.3096235, 1.0
701, 8, 1, 1, 0.5303985, 0.0
702, 8, 1, 2, 0.4538785, 1.0
703, 8, 1, 3, 0.419287, 1.0
704, 8, 1, 4, 0.39203350000000003, 1.0
705, 8, 1, 5, 0.3846965, 1.0
706, 8, 1, 6, 0.36478, 1.0
707, 8, 1, 7, 0.379455, 1.5
708, 8, 1, 8, 0.36058700000000005, 1.0
709, 8, 1, 9, 0.360587, 0.5
710, 8, 1, 10, 0.36582800000000004, 0.5
711, 8, 2, 1, 0.5020965, 0.0
712, 8, 2, 2, 0.451782, 0.0
713, 8, 2, 3, 0.4014675, 0.5
714, 8, 2, 4, 0.38364750000000003, 0.5
715, 8, 2, 5, 0.36687600000000004, 1.0
716, 8, 2, 6, 0.36268350000000005, 0.5
717, 8, 2, 7, 0.37002100000000004, 1.0
718, 8, 2, 8, 0.35953900000000005, 1.0
719, 8, 2, 9, 0.35534600000000005, 0.5
720, 8, 2, 10, 0.35534600000000005, 0.5
721, 8, 3, 1, 0.515723, 0.5
722, 8, 3, 2, 0.410901, 0.5
723, 8, 3, 3, 0.383648, 0.5
724, 8, 3, 4, 0.379455, 0.5
725, 8, 3, 5, 0.35534600000000005, 0.5
726, 8, 3, 6, 0.3532495, 1.0
727, 8, 3, 7, 0.3574425, 1.0
728, 8, 3, 8, 0.35115300000000005, 1.0
729, 8, 3, 9, 0.35849050000000005, 1.0
730, 8, 3, 10, 0.350105, 1.0
731, 8, 4, 1, 0.523061, 0.5
732, 8, 4, 2, 0.409853, 0.5
733, 8, 4, 3, 0.400419, 0.5
734, 8, 4, 4, 0.34905699999999995, 0.5
735, 8, 4, 5, 0.36268350000000005, 0.5
736, 8, 4, 6, 0.350105, 1.0
737, 8, 4, 7, 0.360587, 0.5
738, 8, 4, 8, 0.345912, 1.0
739, 8, 4, 9, 0.3427675, 1.0
740, 8, 4, 10, 0.345912, 1.0
741, 8, 5, 1, 0.5010479999999999, 0.5
742, 8, 5, 2, 0.4392035, 0.5
743, 8, 5, 3, 0.37840700000000005, 0.5
744, 8, 5, 4, 0.35639450000000006, 0.5
745, 8, 5, 5, 0.3679245, 0.5
746, 8, 5, 6, 0.3574425, 1.0
747, 8, 5, 7, 0.3574425, 1.0
748, 8, 5, 8, 0.35534600000000005, 1.0
749, 8, 5, 9, 0.35953900000000005, 1.0
750, 8, 5, 10, 0.35849050000000005, 1.0
751, 8, 6, 1, 0.494759, 0.5
752, 8, 6, 2, 0.428721, 0.5
753, 8, 6, 3, 0.37316550000000004, 0.5
754, 8, 6, 4, 0.38364750000000003, 0.5
755, 8, 6, 5, 0.379455, 0.5
756, 8, 6, 6, 0.360587, 1.0
757, 8, 6, 7, 0.36268350000000005, 1.0
758, 8, 6, 8, 0.3427675, 1.0
759, 8, 6, 9, 0.35429750000000004, 1.0
760, 8, 6, 10, 0.345912, 1.0
761, 8, 7, 1, 0.485325, 0.5
762, 8, 7, 2, 0.40251600000000004, 0.5
763, 8, 7, 3, 0.39727450000000003, 0.5
764, 8, 7, 4, 0.36163500000000004, 0.5
765, 8, 7, 5, 0.38050300000000004, 0.5
766, 8, 7, 6, 0.36268350000000005, 1.0
767, 8, 7, 7, 0.360587, 1.0
768, 8, 7, 8, 0.3637315, 1.0
769, 8, 7, 9, 0.3490565, 0.5
770, 8, 7, 10, 0.34696000000000005, 0.5
771, 8, 8, 1, 0.5157235, 0.5
772, 8, 8, 2, 0.437107, 0.5
773, 8, 8, 3, 0.417191, 0.5
774, 8, 8, 4, 0.38469600000000004, 0.5
775, 8, 8, 5, 0.37840700000000005, 0.5
776, 8, 8, 6, 0.3532495, 1.0
777, 8, 8, 7, 0.356394, 1.0
778, 8, 8, 8, 0.36687650000000005, 1.0
779, 8, 8, 9, 0.354298, 1.0
780, 8, 8, 10, 0.34800849999999994, 1.0
781, 8, 9, 1, 0.4926625, 0.5
782, 8, 9, 2, 0.4318655, 0.5
783, 8, 9, 3, 0.37316550000000004, 0.5
784, 8, 9, 4, 0.3721175, 0.5
785, 8, 9, 5, 0.36373200000000006, 1.0
786, 8, 9, 6, 0.383648, 1.0
787, 8, 9, 7, 0.360587, 1.0
788, 8, 9, 8, 0.37106950000000005, 1.0
789, 8, 9, 9, 0.35010450000000004, 1.0
790, 8, 9, 10, 0.34276700000000004, 0.5
791, 8, 10, 1, 0.481132, 0.5
792, 8, 10, 2, 0.39727500000000004, 0.5
793, 8, 10, 3, 0.379455, 0.5
794, 8, 10, 4, 0.36897250000000004, 0.5
795, 8, 10, 5, 0.36268350000000005, 1.0
796, 8, 10, 6, 0.3448635, 0.5
797, 8, 10, 7, 0.35534600000000005, 1.0
798, 8, 10, 8, 0.3553455, 1.0
799, 8, 10, 9, 0.33543, 1.0
800, 8, 10, 10, 0.345912, 1.0
801, 9, 1, 1, 0.498952, 0.0
802, 9, 1, 2, 0.4433965, 0.0
803, 9, 1, 3, 0.3595385, 0.0
804, 9, 1, 4, 0.3301885, 0.0
805, 9, 1, 5, 0.32494749999999994, 0.0
806, 9, 1, 6, 0.35639400000000004, 0.5
807, 9, 1, 7, 0.333333, 0.5
808, 9, 1, 8, 0.3301885, 0.0
809, 9, 1, 9, 0.35639400000000004, 0.0
810, 9, 1, 10, 0.3354295, 0.5
811, 9, 2, 1, 0.4926625, 0.0
812, 9, 2, 2, 0.433962, 0.0
813, 9, 2, 3, 0.38993700000000003, 0.0
814, 9, 2, 4, 0.33647799999999994, 0.0
815, 9, 2, 5, 0.341719, 0.0
816, 9, 2, 6, 0.3532495, 0.5
817, 9, 2, 7, 0.3259955, 0.5
818, 9, 2, 8, 0.340671, 0.5
819, 9, 2, 9, 0.333333, 0.5
820, 9, 2, 10, 0.3385745, 0.5
821, 9, 3, 1, 0.486373, 0.0
822, 9, 3, 2, 0.387841, 0.0
823, 9, 3, 3, 0.3815515, 0.5
824, 9, 3, 4, 0.3511535, 0.5
825, 9, 3, 5, 0.345912, 0.5
826, 9, 3, 6, 0.331237, 0.5
827, 9, 3, 7, 0.3249475, 0.5
828, 9, 3, 8, 0.3333335, 0.5
829, 9, 3, 9, 0.3238995, 0.5
830, 9, 3, 10, 0.330189, 0.5
831, 9, 4, 1, 0.4863735, 0.0
832, 9, 4, 2, 0.3909855, 0.5
833, 9, 4, 3, 0.37316550000000004, 0.5
834, 9, 4, 4, 0.35639449999999995, 0.5
835, 9, 4, 5, 0.345912, 0.5
836, 9, 4, 6, 0.3396225, 0.5
837, 9, 4, 7, 0.345912, 0.5
838, 9, 4, 8, 0.3197065, 0.5
839, 9, 4, 9, 0.322851, 0.5
840, 9, 4, 10, 0.3343815, 0.5
841, 9, 5, 1, 0.4926625, 0.0
842, 9, 5, 2, 0.418239, 0.5
843, 9, 5, 3, 0.38888900000000004, 0.5
844, 9, 5, 4, 0.354298, 0.5
845, 9, 5, 5, 0.35429750000000004, 0.5
846, 9, 5, 6, 0.3584905, 0.5
847, 9, 5, 7, 0.331237, 0.5
848, 9, 5, 8, 0.3301885, 0.5
849, 9, 5, 9, 0.3354295, 0.5
850, 9, 5, 10, 0.3280925, 0.5
851, 9, 6, 1, 0.473795, 0.5
852, 9, 6, 2, 0.4119495, 0.5
853, 9, 6, 3, 0.370021, 0.5
854, 9, 6, 4, 0.35849050000000005, 0.5
855, 9, 6, 5, 0.3396225, 0.5
856, 9, 6, 6, 0.35010450000000004, 0.5
857, 9, 6, 7, 0.3343815, 0.5
858, 9, 6, 8, 0.3291405, 0.5
859, 9, 6, 9, 0.3343815, 0.5
860, 9, 6, 10, 0.3375265, 0.5
861, 9, 7, 1, 0.4968555, 0.0
862, 9, 7, 2, 0.41299800000000003, 0.5
863, 9, 7, 3, 0.38259999999999994, 0.5
864, 9, 7, 4, 0.3490565, 0.5
865, 9, 7, 5, 0.3490565, 0.5
866, 9, 7, 6, 0.35534599999999994, 0.5
867, 9, 7, 7, 0.34905699999999995, 0.5
868, 9, 7, 8, 0.3448635, 0.5
869, 9, 7, 9, 0.343816, 0.5
870, 9, 7, 10, 0.3396225, 0.5
871, 9, 8, 1, 0.48322850000000006, 0.0
872, 9, 8, 2, 0.4213835, 0.5
873, 9, 8, 3, 0.3679245, 0.5
874, 9, 8, 4, 0.35534550000000004, 0.5
875, 9, 8, 5, 0.36163500000000004, 0.5
876, 9, 8, 6, 0.3249475, 0.5
877, 9, 8, 7, 0.325996, 0.5
878, 9, 8, 8, 0.337526, 0.5
879, 9, 8, 9, 0.35534550000000004, 0.5
880, 9, 8, 10, 0.3249475, 0.5
881, 9, 9, 1, 0.481132, 0.0
882, 9, 9, 2, 0.39622650000000004, 0.5
883, 9, 9, 3, 0.37421400000000005, 0.5
884, 9, 9, 4, 0.3406705, 0.5
885, 9, 9, 5, 0.339623, 0.5
886, 9, 9, 6, 0.3343815, 0.5
887, 9, 9, 7, 0.3238995, 0.5
888, 9, 9, 8, 0.3427675, 0.5
889, 9, 9, 9, 0.3375265, 0.5
890, 9, 9, 10, 0.3375265, 0.5
891, 9, 10, 1, 0.48322850000000006, 0.0
892, 9, 10, 2, 0.41299800000000003, 0.5
893, 9, 10, 3, 0.3637315, 0.5
894, 9, 10, 4, 0.36477950000000003, 0.5
895, 9, 10, 5, 0.35115349999999995, 0.0
896, 9, 10, 6, 0.344864, 0.5
897, 9, 10, 7, 0.322851, 0.5
898, 9, 10, 8, 0.33543, 0.5
899, 9, 10, 9, 0.3375265, 0.5
900, 9, 10, 10, 0.321803, 0.5
901, 10, 1, 1, 0.5389475, 0.0
902, 10, 1, 2, 0.4326315, 0.0
903, 10, 1, 3, 0.3957895, 0.0
904, 10, 1, 4, 0.37473650000000003, 0.0
905, 10, 1, 5, 0.346316, 0.0
906, 10, 1, 6, 0.356842, 0.0
907, 10, 1, 7, 0.342105, 0.0
908, 10, 1, 8, 0.346316, 0.0
909, 10, 1, 9, 0.345263, 0.0
910, 10, 1, 10, 0.376842, 0.5
911, 10, 2, 1, 0.557895, 0.0
912, 10, 2, 2, 0.45052600000000004, 0.0
913, 10, 2, 3, 0.44842099999999996, 0.0
914, 10, 2, 4, 0.376842, 0.0
915, 10, 2, 5, 0.409474, 0.0
916, 10, 2, 6, 0.3789475, 0.0
917, 10, 2, 7, 0.385263, 0.5
918, 10, 2, 8, 0.356842, 0.0
919, 10, 2, 9, 0.3810525, 0.5
920, 10, 2, 10, 0.3905265, 0.5
921, 10, 3, 1, 0.5442104999999999, 0.0
922, 10, 3, 2, 0.4831575, 0.0
923, 10, 3, 3, 0.426316, 0.5
924, 10, 3, 4, 0.3905265, 0.0
925, 10, 3, 5, 0.405263, 0.5
926, 10, 3, 6, 0.38210500000000003, 0.5
927, 10, 3, 7, 0.37789500000000004, 0.5
928, 10, 3, 8, 0.3610525, 0.0
929, 10, 3, 9, 0.3842105, 0.5
930, 10, 3, 10, 0.383158, 0.5
931, 10, 4, 1, 0.5463155, 0.0
932, 10, 4, 2, 0.4652635, 0.0
933, 10, 4, 3, 0.453684, 0.0
934, 10, 4, 4, 0.3810525, 0.0
935, 10, 4, 5, 0.40842100000000003, 0.5
936, 10, 4, 6, 0.40315799999999996, 0.0
937, 10, 4, 7, 0.38105300000000003, 0.5
938, 10, 4, 8, 0.3926315, 0.5
939, 10, 4, 9, 0.389474, 0.5
940, 10, 4, 10, 0.37789500000000004, 0.5
941, 10, 5, 1, 0.543158, 0.0
942, 10, 5, 2, 0.4547365, 0.0
943, 10, 5, 3, 0.442105, 0.5
944, 10, 5, 4, 0.37789500000000004, 0.0
945, 10, 5, 5, 0.3873685, 0.5
946, 10, 5, 6, 0.37052599999999997, 0.5
947, 10, 5, 7, 0.38947350000000003, 0.5
948, 10, 5, 8, 0.388421, 0.5
949, 10, 5, 9, 0.37789449999999997, 0.5
950, 10, 5, 10, 0.374737, 0.5
951, 10, 6, 1, 0.525263, 0.0
952, 10, 6, 2, 0.47789499999999996, 0.0
953, 10, 6, 3, 0.442105, 0.5
954, 10, 6, 4, 0.3673685, 0.0
955, 10, 6, 5, 0.4010525, 0.0
956, 10, 6, 6, 0.38947350000000003, 0.5
957, 10, 6, 7, 0.38947350000000003, 0.5
958, 10, 6, 8, 0.3589475, 0.0
959, 10, 6, 9, 0.3894735, 0.5
960, 10, 6, 10, 0.371579, 0.5
961, 10, 7, 1, 0.5326315, 0.0
962, 10, 7, 2, 0.4536845, 0.0
963, 10, 7, 3, 0.4221055, 0.0
964, 10, 7, 4, 0.374737, 0.0
965, 10, 7, 5, 0.4042105, 0.0
966, 10, 7, 6, 0.388421, 0.5
967, 10, 7, 7, 0.37789500000000004, 0.5
968, 10, 7, 8, 0.36000000000000004, 0.0
969, 10, 7, 9, 0.38, 0.5
970, 10, 7, 10, 0.378947, 0.5
971, 10, 8, 1, 0.5526314999999999, 0.0
972, 10, 8, 2, 0.461053, 0.0
973, 10, 8, 3, 0.3989475, 0.5
974, 10, 8, 4, 0.426316, 0.0
975, 10, 8, 5, 0.44, 0.5
976, 10, 8, 6, 0.3831575, 0.5
977, 10, 8, 7, 0.388421, 0.5
978, 10, 8, 8, 0.38842150000000003, 0.0
979, 10, 8, 9, 0.3757895, 0.5
980, 10, 8, 10, 0.383158, 0.5
981, 10, 9, 1, 0.5463155, 0.0
982, 10, 9, 2, 0.4378945, 0.0
983, 10, 9, 3, 0.4757895, 0.5
984, 10, 9, 4, 0.4105265, 0.0
985, 10, 9, 5, 0.401053, 0.5
986, 10, 9, 6, 0.365263, 0.5
987, 10, 9, 7, 0.3905265, 0.5
988, 10, 9, 8, 0.383158, 0.5
989, 10, 9, 9, 0.3663155, 0.5
990, 10, 9, 10, 0.37789449999999997, 0.5
991, 10, 10, 1, 0.543158, 0.0
992, 10, 10, 2, 0.4726315, 0.0
993, 10, 10, 3, 0.4273685, 0.0
994, 10, 10, 4, 0.3884215, 0.0
995, 10, 10, 5, 0.41157900000000003, 0.0
996, 10, 10, 6, 0.3621055, 0.5
997, 10, 10, 7, 0.391579, 0.5
998, 10, 10, 8, 0.3757895, 0.5
999, 10, 10, 9, 0.365263, 0.5
1000, 10, 10, 10, 0.373684, 0.5
