1, 1, 1, 1, 0.423958, 0.0
2, 1, 1, 2, 0.415625, 1.0
3, 1, 1, 3, 0.384375, 0.5
4, 1, 1, 4, 0.358333, 0.5
5, 1, 1, 5, 0.359375, 1.0
6, 1, 1, 6, 0.303125, 1.0
7, 1, 1, 7, 0.34479150000000003, 1.0
8, 1, 1, 8, 0.321875, 0.5
9, 1, 1, 9, 0.328125, 1.5
10, 1, 1, 10, 0.31875, 2.0
11, 1, 2, 1, 0.4427085, 0.0
12, 1, 2, 2, 0.403125, 1.0
13, 1, 2, 3, 0.390625, 0.5
14, 1, 2, 4, 0.36354149999999996, 1.0
15, 1, 2, 5, 0.344792, 0.5
16, 1, 2, 6, 0.33229149999999996, 1.0
17, 1, 2, 7, 0.3208335, 0.5
18, 1, 2, 8, 0.2979165, 1.0
19, 1, 2, 9, 0.3020835, 1.5
20, 1, 2, 10, 0.3020835, 2.0
21, 1, 3, 1, 0.42500000000000004, 0.5
22, 1, 3, 2, 0.41145849999999995, 1.0
23, 1, 3, 3, 0.4041665, 1.0
24, 1, 3, 4, 0.3625, 1.0
25, 1, 3, 5, 0.35833349999999997, 1.0
26, 1, 3, 6, 0.32916650000000003, 1.5
27, 1, 3, 7, 0.326042, 1.5
28, 1, 3, 8, 0.303125, 1.5
29, 1, 3, 9, 0.3, 1.0
30, 1, 3, 10, 0.2895835, 1.5
31, 1, 4, 1, 0.4354165, 0.0
32, 1, 4, 2, 0.4177085, 0.5
33, 1, 4, 3, 0.37916700000000003, 0.5
34, 1, 4, 4, 0.36354200000000003, 0.0
35, 1, 4, 5, 0.34375, 1.0
36, 1, 4, 6, 0.3416665, 0.5
37, 1, 4, 7, 0.3135415, 1.5
38, 1, 4, 8, 0.3104165, 1.0
39, 1, 4, 9, 0.2989585, 1.5
40, 1, 4, 10, 0.30833299999999997, 1.5
41, 1, 5, 1, 0.4375, 1.0
42, 1, 5, 2, 0.4114585, 1.0
43, 1, 5, 3, 0.3885415, 1.5
44, 1, 5, 4, 0.3770835, 0.5
45, 1, 5, 5, 0.364583, 1.0
46, 1, 5, 6, 0.334375, 1.5
47, 1, 5, 7, 0.3166665, 1.0
48, 1, 5, 8, 0.31979199999999997, 1.0
49, 1, 5, 9, 0.3197915, 2.0
50, 1, 5, 10, 0.30833350000000004, 1.5
51, 1, 6, 1, 0.423958, 0.0
52, 1, 6, 2, 0.40729150000000003, 0.5
53, 1, 6, 3, 0.395833, 0.5
54, 1, 6, 4, 0.37916649999999996, 1.0
55, 1, 6, 5, 0.36875, 1.0
56, 1, 6, 6, 0.327083, 1.5
57, 1, 6, 7, 0.3208335, 0.5
58, 1, 6, 8, 0.307292, 1.5
59, 1, 6, 9, 0.3041665, 1.5
60, 1, 6, 10, 0.3052085, 2.0
61, 1, 7, 1, 0.4354165, 0.5
62, 1, 7, 2, 0.421875, 1.0
63, 1, 7, 3, 0.38958349999999997, 0.5
64, 1, 7, 4, 0.3708335, 0.0
65, 1, 7, 5, 0.3375, 0.0
66, 1, 7, 6, 0.33229149999999996, 1.0
67, 1, 7, 7, 0.3302085, 2.0
68, 1, 7, 8, 0.309375, 1.5
69, 1, 7, 9, 0.30625, 1.0
70, 1, 7, 10, 0.2864585, 1.5
71, 1, 8, 1, 0.442708, 1.0
72, 1, 8, 2, 0.41874999999999996, 0.0
73, 1, 8, 3, 0.385417, 0.0
74, 1, 8, 4, 0.3822915, 1.0
75, 1, 8, 5, 0.35520799999999997, 0.0
76, 1, 8, 6, 0.32916650000000003, 0.5
77, 1, 8, 7, 0.3354165, 1.5
78, 1, 8, 8, 0.3260415, 1.5
79, 1, 8, 9, 0.3145835, 1.0
80, 1, 8, 10, 0.2989585, 1.0
81, 1, 9, 1, 0.42291650000000003, 1.5
82, 1, 9, 2, 0.4197915, 1.5
83, 1, 9, 3, 0.376042, 0.0
84, 1, 9, 4, 0.36041650000000003, 0.5
85, 1, 9, 5, 0.35104199999999997, 0.0
86, 1, 9, 6, 0.333333, 1.0
87, 1, 9, 7, 0.322917, 0.5
88, 1, 9, 8, 0.3125, 1.5
89, 1, 9, 9, 0.3125, 1.0
90, 1, 9, 10, 0.303125, 1.5
91, 1, 10, 1, 0.43437499999999996, 0.5
92, 1, 10, 2, 0.411458, 1.0
93, 1, 10, 3, 0.38541650000000005, 1.5
94, 1, 10, 4, 0.3614585, 0.5
95, 1, 10, 5, 0.365625, 0.5
96, 1, 10, 6, 0.32916650000000003, 2.0
97, 1, 10, 7, 0.3072915, 1.5
98, 1, 10, 8, 0.317708, 1.0
99, 1, 10, 9, 0.28958300000000003, 1.0
100, 1, 10, 10, 0.3041665, 1.5
101, 2, 1, 1, 0.4114585, 2.0
102, 2, 1, 2, 0.3625, 1.5
103, 2, 1, 3, 0.33958350000000004, 1.0
104, 2, 1, 4, 0.31875, 1.5
105, 2, 1, 5, 0.29791650000000003, 1.0
106, 2, 1, 6, 0.2739585, 1.0
107, 2, 1, 7, 0.26458349999999997, 1.0
108, 2, 1, 8, 0.28229150000000003, 0.5
109, 2, 1, 9, 0.2614585, 1.0
110, 2, 1, 10, 0.271875, 1.0
111, 2, 2, 1, 0.409375, 1.5
112, 2, 2, 2, 0.342708, 1.0
113, 2, 2, 3, 0.31354150000000003, 1.5
114, 2, 2, 4, 0.2833335, 0.5
115, 2, 2, 5, 0.271875, 1.0
116, 2, 2, 6, 0.2604165, 1.0
117, 2, 2, 7, 0.260417, 0.5
118, 2, 2, 8, 0.259375, 0.5
119, 2, 2, 9, 0.258333, 1.0
120, 2, 2, 10, 0.2572915, 0.5
121, 2, 3, 1, 0.396875, 1.5
122, 2, 3, 2, 0.327083, 1.0
123, 2, 3, 3, 0.3041665, 0.5
124, 2, 3, 4, 0.28541649999999996, 0.5
125, 2, 3, 5, 0.26875000000000004, 1.5
126, 2, 3, 6, 0.2520835, 0.5
127, 2, 3, 7, 0.2708335, 1.0
128, 2, 3, 8, 0.2635415, 0.5
129, 2, 3, 9, 0.2552085, 0.5
130, 2, 3, 10, 0.2625, 1.0
131, 2, 4, 1, 0.4197915, 1.5
132, 2, 4, 2, 0.3458335, 1.5
133, 2, 4, 3, 0.3072915, 1.0
134, 2, 4, 4, 0.28125, 0.5
135, 2, 4, 5, 0.2760415, 0.5
136, 2, 4, 6, 0.263542, 1.5
137, 2, 4, 7, 0.278125, 0.5
138, 2, 4, 8, 0.246875, 0.5
139, 2, 4, 9, 0.259375, 0.5
140, 2, 4, 10, 0.2375, 0.5
141, 2, 5, 1, 0.39479200000000003, 1.0
142, 2, 5, 2, 0.32499999999999996, 2.5
143, 2, 5, 3, 0.309375, 1.0
144, 2, 5, 4, 0.30000000000000004, 1.0
145, 2, 5, 5, 0.275, 0.5
146, 2, 5, 6, 0.27395800000000003, 1.0
147, 2, 5, 7, 0.2802085, 0.5
148, 2, 5, 8, 0.248958, 1.0
149, 2, 5, 9, 0.25625, 0.5
150, 2, 5, 10, 0.246875, 1.0
151, 2, 6, 1, 0.40729150000000003, 1.5
152, 2, 6, 2, 0.3489585, 1.0
153, 2, 6, 3, 0.334375, 0.5
154, 2, 6, 4, 0.28229150000000003, 1.0
155, 2, 6, 5, 0.275, 0.5
156, 2, 6, 6, 0.270833, 1.0
157, 2, 6, 7, 0.2447915, 0.5
158, 2, 6, 8, 0.26145799999999997, 1.0
159, 2, 6, 9, 0.252083, 1.0
160, 2, 6, 10, 0.2489585, 1.0
161, 2, 7, 1, 0.4145835, 1.0
162, 2, 7, 2, 0.340625, 1.0
163, 2, 7, 3, 0.29375, 1.0
164, 2, 7, 4, 0.27708299999999997, 0.5
165, 2, 7, 5, 0.27812499999999996, 1.0
166, 2, 7, 6, 0.2697915, 0.5
167, 2, 7, 7, 0.280208, 0.5
168, 2, 7, 8, 0.259375, 1.0
169, 2, 7, 9, 0.263542, 0.5
170, 2, 7, 10, 0.2375, 0.5
171, 2, 8, 1, 0.3979165, 1.0
172, 2, 8, 2, 0.34687500000000004, 1.0
173, 2, 8, 3, 0.30625, 2.0
174, 2, 8, 4, 0.302083, 1.0
175, 2, 8, 5, 0.2854165, 0.5
176, 2, 8, 6, 0.2708335, 1.0
177, 2, 8, 7, 0.26458349999999997, 1.0
178, 2, 8, 8, 0.2458335, 1.0
179, 2, 8, 9, 0.26875, 0.5
180, 2, 8, 10, 0.25625, 0.5
181, 2, 9, 1, 0.4114585, 1.0
182, 2, 9, 2, 0.348958, 2.0
183, 2, 9, 3, 0.309375, 0.5
184, 2, 9, 4, 0.2875, 0.5
185, 2, 9, 5, 0.2635415, 1.0
186, 2, 9, 6, 0.282292, 0.5
187, 2, 9, 7, 0.25625, 0.5
188, 2, 9, 8, 0.261458, 0.5
189, 2, 9, 9, 0.25416649999999996, 0.5
190, 2, 9, 10, 0.239583, 0.5
191, 2, 10, 1, 0.4197915, 2.0
192, 2, 10, 2, 0.3520835, 1.5
193, 2, 10, 3, 0.284375, 0.5
194, 2, 10, 4, 0.275, 1.0
195, 2, 10, 5, 0.2520835, 1.0
196, 2, 10, 6, 0.2572915, 1.0
197, 2, 10, 7, 0.26875, 0.5
198, 2, 10, 8, 0.260417, 0.5
199, 2, 10, 9, 0.252083, 0.5
200, 2, 10, 10, 0.265625, 0.5
201, 3, 1, 1, 0.36770800000000003, 0.5
202, 3, 1, 2, 0.3375, 0.5
203, 3, 1, 3, 0.3072915, 0.5
204, 3, 1, 4, 0.29375, 0.5
205, 3, 1, 5, 0.278125, 0.5
206, 3, 1, 6, 0.2739585, 0.5
207, 3, 1, 7, 0.25, 1.0
208, 3, 1, 8, 0.2677085, 1.0
209, 3, 1, 9, 0.246875, 1.0
210, 3, 1, 10, 0.260417, 0.5
211, 3, 2, 1, 0.3458335, 0.5
212, 3, 2, 2, 0.31875, 0.5
213, 3, 2, 3, 0.302083, 0.5
214, 3, 2, 4, 0.2875, 0.5
215, 3, 2, 5, 0.27812499999999996, 0.5
216, 3, 2, 6, 0.2864585, 1.0
217, 3, 2, 7, 0.27708350000000004, 0.5
218, 3, 2, 8, 0.26875, 0.5
219, 3, 2, 9, 0.259375, 0.5
220, 3, 2, 10, 0.280208, 0.5
221, 3, 3, 1, 0.36875, 0.5
222, 3, 3, 2, 0.303125, 0.5
223, 3, 3, 3, 0.2927085, 0.5
224, 3, 3, 4, 0.28125, 1.0
225, 3, 3, 5, 0.2552085, 0.5
226, 3, 3, 6, 0.2791665, 1.0
227, 3, 3, 7, 0.25625, 1.0
228, 3, 3, 8, 0.28229150000000003, 0.5
229, 3, 3, 9, 0.2572915, 1.0
230, 3, 3, 10, 0.2541665, 1.0
231, 3, 4, 1, 0.357292, 0.5
232, 3, 4, 2, 0.31145849999999997, 0.5
233, 3, 4, 3, 0.2885415, 0.5
234, 3, 4, 4, 0.2895835, 1.0
235, 3, 4, 5, 0.277083, 0.5
236, 3, 4, 6, 0.28229150000000003, 1.0
237, 3, 4, 7, 0.2614585, 1.0
238, 3, 4, 8, 0.2635415, 1.0
239, 3, 4, 9, 0.2552085, 1.0
240, 3, 4, 10, 0.25104150000000003, 1.0
241, 3, 5, 1, 0.35104199999999997, 0.5
242, 3, 5, 2, 0.321875, 0.5
243, 3, 5, 3, 0.3010415, 0.5
244, 3, 5, 4, 0.28125, 1.0
245, 3, 5, 5, 0.2729165, 1.0
246, 3, 5, 6, 0.2583335, 1.0
247, 3, 5, 7, 0.2708335, 1.0
248, 3, 5, 8, 0.2677085, 1.0
249, 3, 5, 9, 0.2791665, 0.5
250, 3, 5, 10, 0.265625, 1.0
251, 3, 6, 1, 0.357292, 0.5
252, 3, 6, 2, 0.30625, 0.5
253, 3, 6, 3, 0.2979165, 1.0
254, 3, 6, 4, 0.2947915, 1.0
255, 3, 6, 5, 0.28125, 1.0
256, 3, 6, 6, 0.283333, 1.0
257, 3, 6, 7, 0.25625, 1.0
258, 3, 6, 8, 0.2739585, 1.0
259, 3, 6, 9, 0.264583, 1.0
260, 3, 6, 10, 0.26249999999999996, 1.0
261, 3, 7, 1, 0.346875, 0.5
262, 3, 7, 2, 0.316667, 0.5
263, 3, 7, 3, 0.30937499999999996, 0.5
264, 3, 7, 4, 0.275, 1.0
265, 3, 7, 5, 0.2708335, 0.5
266, 3, 7, 6, 0.27708299999999997, 1.0
267, 3, 7, 7, 0.26145850000000004, 1.0
268, 3, 7, 8, 0.260417, 1.0
269, 3, 7, 9, 0.253125, 1.0
270, 3, 7, 10, 0.253125, 1.0
271, 3, 8, 1, 0.340625, 0.5
272, 3, 8, 2, 0.309375, 0.5
273, 3, 8, 3, 0.29375, 1.0
274, 3, 8, 4, 0.2833335, 0.5
275, 3, 8, 5, 0.2697915, 0.5
276, 3, 8, 6, 0.271875, 0.5
277, 3, 8, 7, 0.278125, 1.0
278, 3, 8, 8, 0.2625, 1.0
279, 3, 8, 9, 0.271875, 0.5
280, 3, 8, 10, 0.265625, 1.0
281, 3, 9, 1, 0.35833349999999997, 0.5
282, 3, 9, 2, 0.33541699999999997, 0.5
283, 3, 9, 3, 0.303125, 0.5
284, 3, 9, 4, 0.282292, 0.5
285, 3, 9, 5, 0.29375, 0.5
286, 3, 9, 6, 0.28229150000000003, 1.0
287, 3, 9, 7, 0.2635415, 0.5
288, 3, 9, 8, 0.2791665, 1.0
289, 3, 9, 9, 0.25729199999999997, 1.0
290, 3, 9, 10, 0.26875000000000004, 1.0
291, 3, 10, 1, 0.35520799999999997, 0.5
292, 3, 10, 2, 0.3072915, 0.5
293, 3, 10, 3, 0.3052085, 0.5
294, 3, 10, 4, 0.286458, 0.5
295, 3, 10, 5, 0.28229150000000003, 0.5
296, 3, 10, 6, 0.2833335, 1.0
297, 3, 10, 7, 0.264583, 1.0
298, 3, 10, 8, 0.265625, 1.0
299, 3, 10, 9, 0.2541665, 1.0
300, 3, 10, 10, 0.26875000000000004, 1.0
301, 4, 1, 1, 0.341667, 0.5
302, 4, 1, 2, 0.30625, 0.5
303, 4, 1, 3, 0.28229150000000003, 1.0
304, 4, 1, 4, 0.28125, 1.0
305, 4, 1, 5, 0.259375, 1.0
306, 4, 1, 6, 0.2572915, 1.0
307, 4, 1, 7, 0.2364585, 1.0
308, 4, 1, 8, 0.2447915, 1.0
309, 4, 1, 9, 0.225, 1.0
310, 4, 1, 10, 0.2239585, 1.0
311, 4, 2, 1, 0.34270849999999997, 0.5
312, 4, 2, 2, 0.2875, 0.5
313, 4, 2, 3, 0.3052085, 1.0
314, 4, 2, 4, 0.275, 1.0
315, 4, 2, 5, 0.284375, 1.0
316, 4, 2, 6, 0.260417, 0.5
317, 4, 2, 7, 0.261458, 1.0
318, 4, 2, 8, 0.2489585, 1.0
319, 4, 2, 9, 0.2541665, 1.0
320, 4, 2, 10, 0.244792, 1.0
321, 4, 3, 1, 0.336458, 1.0
322, 4, 3, 2, 0.30937499999999996, 0.5
323, 4, 3, 3, 0.27708350000000004, 0.5
324, 4, 3, 4, 0.279167, 1.0
325, 4, 3, 5, 0.2760415, 1.0
326, 4, 3, 6, 0.266667, 1.0
327, 4, 3, 7, 0.2395835, 1.0
328, 4, 3, 8, 0.2604165, 1.0
329, 4, 3, 9, 0.234375, 1.0
330, 4, 3, 10, 0.2364585, 1.0
331, 4, 4, 1, 0.31875, 0.5
332, 4, 4, 2, 0.2927085, 0.5
333, 4, 4, 3, 0.2885415, 0.5
334, 4, 4, 4, 0.266667, 1.0
335, 4, 4, 5, 0.2677085, 0.5
336, 4, 4, 6, 0.26875000000000004, 1.0
337, 4, 4, 7, 0.25416649999999996, 1.0
338, 4, 4, 8, 0.2520835, 1.0
339, 4, 4, 9, 0.24270850000000002, 1.0
340, 4, 4, 10, 0.239583, 1.0
341, 4, 5, 1, 0.3302085, 0.5
342, 4, 5, 2, 0.30833299999999997, 0.5
343, 4, 5, 3, 0.30625, 0.5
344, 4, 5, 4, 0.285417, 1.0
345, 4, 5, 5, 0.26875, 1.0
346, 4, 5, 6, 0.26875, 0.5
347, 4, 5, 7, 0.24375000000000002, 1.0
348, 4, 5, 8, 0.2604165, 1.0
349, 4, 5, 9, 0.246875, 1.0
350, 4, 5, 10, 0.2447915, 1.0
351, 4, 6, 1, 0.339583, 0.5
352, 4, 6, 2, 0.303125, 0.5
353, 4, 6, 3, 0.307292, 0.5
354, 4, 6, 4, 0.2885415, 1.0
355, 4, 6, 5, 0.267708, 1.0
356, 4, 6, 6, 0.25625, 1.0
357, 4, 6, 7, 0.2520835, 1.0
358, 4, 6, 8, 0.26145799999999997, 1.0
359, 4, 6, 9, 0.258333, 1.0
360, 4, 6, 10, 0.259375, 1.0
361, 4, 7, 1, 0.346875, 0.5
362, 4, 7, 2, 0.3083335, 0.5
363, 4, 7, 3, 0.29583349999999997, 0.5
364, 4, 7, 4, 0.2791665, 1.0
365, 4, 7, 5, 0.2708335, 1.0
366, 4, 7, 6, 0.246875, 1.0
367, 4, 7, 7, 0.263542, 1.0
368, 4, 7, 8, 0.2427085, 1.0
369, 4, 7, 9, 0.25625, 1.0
370, 4, 7, 10, 0.2583335, 1.0
371, 4, 8, 1, 0.31666700000000003, 0.5
372, 4, 8, 2, 0.296875, 0.5
373, 4, 8, 3, 0.29583349999999997, 1.0
374, 4, 8, 4, 0.292708, 0.5
375, 4, 8, 5, 0.270833, 0.5
376, 4, 8, 6, 0.26875, 1.0
377, 4, 8, 7, 0.25833300000000003, 1.0
378, 4, 8, 8, 0.244792, 1.0
379, 4, 8, 9, 0.2510415, 1.0
380, 4, 8, 10, 0.24583349999999998, 1.0
381, 4, 9, 1, 0.34062499999999996, 0.5
382, 4, 9, 2, 0.314583, 0.5
383, 4, 9, 3, 0.294792, 0.5
384, 4, 9, 4, 0.2739585, 1.0
385, 4, 9, 5, 0.26979200000000003, 1.0
386, 4, 9, 6, 0.265625, 1.0
387, 4, 9, 7, 0.26875, 1.0
388, 4, 9, 8, 0.267708, 1.0
389, 4, 9, 9, 0.25, 1.0
390, 4, 9, 10, 0.25416649999999996, 1.0
391, 4, 10, 1, 0.3302085, 0.5
392, 4, 10, 2, 0.303125, 0.5
393, 4, 10, 3, 0.28020849999999997, 1.0
394, 4, 10, 4, 0.278125, 1.0
395, 4, 10, 5, 0.26875, 1.0
396, 4, 10, 6, 0.2708335, 1.0
397, 4, 10, 7, 0.2479165, 1.0
398, 4, 10, 8, 0.248958, 1.0
399, 4, 10, 9, 0.242708, 1.0
400, 4, 10, 10, 0.2520835, 1.0
401, 5, 1, 1, 0.3590815, 0.5
402, 5, 1, 2, 0.3068895, 0.5
403, 5, 1, 3, 0.2912315, 0.5
404, 5, 1, 4, 0.2860125, 1.0
405, 5, 1, 5, 0.278706, 1.0
406, 5, 1, 6, 0.2661795, 1.0
407, 5, 1, 7, 0.2672235, 1.0
408, 5, 1, 8, 0.276618, 1.0
409, 5, 1, 9, 0.250522, 1.0
410, 5, 1, 10, 0.2546975, 1.0
411, 5, 2, 1, 0.34446750000000004, 1.0
412, 5, 2, 2, 0.303758, 0.5
413, 5, 2, 3, 0.2860125, 0.5
414, 5, 2, 4, 0.280793, 0.5
415, 5, 2, 5, 0.2881005, 1.0
416, 5, 2, 6, 0.2713985, 1.0
417, 5, 2, 7, 0.2661795, 1.0
418, 5, 2, 8, 0.275574, 1.0
419, 5, 2, 9, 0.253653, 1.0
420, 5, 2, 10, 0.28079350000000003, 1.0
421, 5, 3, 1, 0.334029, 0.5
422, 5, 3, 2, 0.316284, 0.5
423, 5, 3, 3, 0.294363, 0.5
424, 5, 3, 4, 0.287056, 0.5
425, 5, 3, 5, 0.2891445, 1.0
426, 5, 3, 6, 0.262004, 0.5
427, 5, 3, 7, 0.271399, 1.0
428, 5, 3, 8, 0.281837, 1.0
429, 5, 3, 9, 0.2599165, 1.0
430, 5, 3, 10, 0.2421715, 1.0
431, 5, 4, 1, 0.3402925, 0.5
432, 5, 4, 2, 0.310021, 0.5
433, 5, 4, 3, 0.293319, 0.5
434, 5, 4, 4, 0.28914399999999996, 0.5
435, 5, 4, 5, 0.296451, 1.0
436, 5, 4, 6, 0.2870565, 1.0
437, 5, 4, 7, 0.2745305, 1.0
438, 5, 4, 8, 0.2839245, 1.0
439, 5, 4, 9, 0.2661795, 1.0
440, 5, 4, 10, 0.2515655, 1.0
441, 5, 5, 1, 0.3382045, 0.5
442, 5, 5, 2, 0.307933, 0.5
443, 5, 5, 3, 0.2922755, 1.0
444, 5, 5, 4, 0.2860125, 0.5
445, 5, 5, 5, 0.295407, 1.0
446, 5, 5, 6, 0.277662, 1.0
447, 5, 5, 7, 0.2797495, 1.0
448, 5, 5, 8, 0.275574, 1.0
449, 5, 5, 9, 0.2797495, 1.0
450, 5, 5, 10, 0.27661800000000003, 1.0
451, 5, 6, 1, 0.335073, 0.5
452, 5, 6, 2, 0.3183715, 0.5
453, 5, 6, 3, 0.3006265, 1.0
454, 5, 6, 4, 0.2912315, 1.0
455, 5, 6, 5, 0.2881, 1.0
456, 5, 6, 6, 0.2797495, 0.5
457, 5, 6, 7, 0.2787055, 1.0
458, 5, 6, 8, 0.2703545, 1.0
459, 5, 6, 9, 0.264092, 1.0
460, 5, 6, 10, 0.2661795, 1.0
461, 5, 7, 1, 0.336117, 0.5
462, 5, 7, 2, 0.2985385, 0.5
463, 5, 7, 3, 0.3006265, 0.5
464, 5, 7, 4, 0.304802, 0.5
465, 5, 7, 5, 0.275574, 1.0
466, 5, 7, 6, 0.2661795, 1.0
467, 5, 7, 7, 0.2724425, 1.0
468, 5, 7, 8, 0.2787055, 1.0
469, 5, 7, 9, 0.2661795, 1.0
470, 5, 7, 10, 0.249478, 1.0
471, 5, 8, 1, 0.34551149999999997, 0.5
472, 5, 8, 2, 0.31523999999999996, 1.0
473, 5, 8, 3, 0.3141965, 0.5
474, 5, 8, 4, 0.2933195, 1.0
475, 5, 8, 5, 0.282881, 0.5
476, 5, 8, 6, 0.2734865, 1.0
477, 5, 8, 7, 0.27244250000000003, 1.0
478, 5, 8, 8, 0.270355, 1.0
479, 5, 8, 9, 0.283925, 1.0
480, 5, 8, 10, 0.2682675, 1.0
481, 5, 9, 1, 0.336117, 0.5
482, 5, 9, 2, 0.3048015, 0.5
483, 5, 9, 3, 0.2943635, 0.5
484, 5, 9, 4, 0.298539, 0.5
485, 5, 9, 5, 0.2985385, 0.5
486, 5, 9, 6, 0.2849685, 0.5
487, 5, 9, 7, 0.26409150000000003, 1.0
488, 5, 9, 8, 0.282881, 1.0
489, 5, 9, 9, 0.2620045, 1.0
490, 5, 9, 10, 0.26826700000000003, 1.0
491, 5, 10, 1, 0.3329855, 0.5
492, 5, 10, 2, 0.2922755, 0.5
493, 5, 10, 3, 0.302714, 0.5
494, 5, 10, 4, 0.296451, 0.5
495, 5, 10, 5, 0.2881005, 0.5
496, 5, 10, 6, 0.294363, 1.0
497, 5, 10, 7, 0.275574, 1.0
498, 5, 10, 8, 0.282881, 1.0
499, 5, 10, 9, 0.2797495, 1.0
500, 5, 10, 10, 0.26513549999999997, 1.0
501, 6, 1, 1, 0.327766, 0.5
502, 6, 1, 2, 0.3048015, 0.5
503, 6, 1, 3, 0.29749499999999995, 0.5
504, 6, 1, 4, 0.26513549999999997, 1.0
505, 6, 1, 5, 0.264092, 1.0
506, 6, 1, 6, 0.26931099999999997, 1.0
507, 6, 1, 7, 0.264092, 1.0
508, 6, 1, 8, 0.2609605, 1.0
509, 6, 1, 9, 0.263048, 1.0
510, 6, 1, 10, 0.24739, 1.0
511, 6, 2, 1, 0.3277665, 0.5
512, 6, 2, 2, 0.3058455, 0.5
513, 6, 2, 3, 0.2922755, 0.5
514, 6, 2, 4, 0.276618, 1.0
515, 6, 2, 5, 0.257829, 1.0
516, 6, 2, 6, 0.27661800000000003, 1.0
517, 6, 2, 7, 0.2546975, 1.0
518, 6, 2, 8, 0.2526095, 1.0
519, 6, 2, 9, 0.2620045, 1.0
520, 6, 2, 10, 0.25156599999999996, 1.0
521, 6, 3, 1, 0.3340295, 0.5
522, 6, 3, 2, 0.3121085, 0.5
523, 6, 3, 3, 0.27766199999999996, 0.5
524, 6, 3, 4, 0.282881, 0.5
525, 6, 3, 5, 0.268267, 1.0
526, 6, 3, 6, 0.2713985, 1.0
527, 6, 3, 7, 0.275574, 1.0
528, 6, 3, 8, 0.2599165, 1.0
529, 6, 3, 9, 0.283925, 1.0
530, 6, 3, 10, 0.2536535, 1.0
531, 6, 4, 1, 0.3256785, 0.5
532, 6, 4, 2, 0.29853850000000004, 0.5
533, 6, 4, 3, 0.28809999999999997, 1.0
534, 6, 4, 4, 0.28496849999999996, 1.0
535, 6, 4, 5, 0.2713985, 1.0
536, 6, 4, 6, 0.27348649999999997, 1.0
537, 6, 4, 7, 0.2338205, 1.0
538, 6, 4, 8, 0.27244250000000003, 1.0
539, 6, 4, 9, 0.24947799999999998, 1.0
540, 6, 4, 10, 0.2609605, 1.0
541, 6, 5, 1, 0.32881, 0.5
542, 6, 5, 2, 0.314196, 0.5
543, 6, 5, 3, 0.295407, 1.0
544, 6, 5, 4, 0.27348649999999997, 1.0
545, 6, 5, 5, 0.282881, 1.0
546, 6, 5, 6, 0.268267, 1.0
547, 6, 5, 7, 0.2453025, 1.0
548, 6, 5, 8, 0.2661795, 1.0
549, 6, 5, 9, 0.25678500000000004, 1.0
550, 6, 5, 10, 0.2651355, 1.0
551, 6, 6, 1, 0.3329855, 0.5
552, 6, 6, 2, 0.30271400000000004, 0.5
553, 6, 6, 3, 0.295407, 0.5
554, 6, 6, 4, 0.2724425, 0.5
555, 6, 6, 5, 0.2724425, 1.0
556, 6, 6, 6, 0.2609605, 1.0
557, 6, 6, 7, 0.270355, 1.0
558, 6, 6, 8, 0.255741, 1.0
559, 6, 6, 9, 0.270355, 1.0
560, 6, 6, 10, 0.276618, 1.0
561, 6, 7, 1, 0.331942, 0.5
562, 6, 7, 2, 0.2995825, 0.5
563, 6, 7, 3, 0.2901875, 1.0
564, 6, 7, 4, 0.2724425, 1.0
565, 6, 7, 5, 0.2776615, 1.0
566, 6, 7, 6, 0.280793, 1.0
567, 6, 7, 7, 0.27244250000000003, 1.0
568, 6, 7, 8, 0.2682675, 1.0
569, 6, 7, 9, 0.2724425, 1.0
570, 6, 7, 10, 0.2515655, 1.0
571, 6, 8, 1, 0.3194155, 0.5
572, 6, 8, 2, 0.2901875, 0.5
573, 6, 8, 3, 0.2870565, 1.0
574, 6, 8, 4, 0.280793, 1.0
575, 6, 8, 5, 0.2599165, 0.5
576, 6, 8, 6, 0.268267, 1.0
577, 6, 8, 7, 0.2578285, 1.0
578, 6, 8, 8, 0.2599165, 1.0
579, 6, 8, 9, 0.270355, 1.0
580, 6, 8, 10, 0.263048, 1.0
581, 6, 9, 1, 0.33507299999999995, 0.5
582, 6, 9, 2, 0.292276, 0.5
583, 6, 9, 3, 0.289144, 0.5
584, 6, 9, 4, 0.2713985, 1.0
585, 6, 9, 5, 0.2797495, 1.0
586, 6, 9, 6, 0.257829, 1.0
587, 6, 9, 7, 0.2797495, 1.0
588, 6, 9, 8, 0.2609605, 1.0
589, 6, 9, 9, 0.2546975, 1.0
590, 6, 9, 10, 0.249478, 1.0
591, 6, 10, 1, 0.3194155, 0.5
592, 6, 10, 2, 0.295407, 0.5
593, 6, 10, 3, 0.2912315, 0.5
594, 6, 10, 4, 0.2745305, 1.0
595, 6, 10, 5, 0.278706, 1.0
596, 6, 10, 6, 0.2724425, 1.0
597, 6, 10, 7, 0.2599165, 1.0
598, 6, 10, 8, 0.26617999999999997, 1.0
599, 6, 10, 9, 0.26931099999999997, 1.0
600, 6, 10, 10, 0.281837, 1.0
601, 7, 1, 1, 0.3190375, 0.5
602, 7, 1, 2, 0.300209, 0.5
603, 7, 1, 3, 0.2782425, 0.5
604, 7, 1, 4, 0.2625525, 0.5
605, 7, 1, 5, 0.262552, 0.5
606, 7, 1, 6, 0.259414, 0.5
607, 7, 1, 7, 0.24686200000000003, 0.5
608, 7, 1, 8, 0.253138, 0.5
609, 7, 1, 9, 0.25523, 0.5
610, 7, 1, 10, 0.2280335, 1.0
611, 7, 2, 1, 0.319038, 0.5
612, 7, 2, 2, 0.2834725, 0.5
613, 7, 2, 3, 0.2740585, 0.5
614, 7, 2, 4, 0.2709205, 0.5
615, 7, 2, 5, 0.2709205, 0.5
616, 7, 2, 6, 0.293933, 1.0
617, 7, 2, 7, 0.248954, 1.0
618, 7, 2, 8, 0.256276, 1.0
619, 7, 2, 9, 0.259414, 1.0
620, 7, 2, 10, 0.2468615, 1.0
621, 7, 3, 1, 0.3274055, 0.5
622, 7, 3, 2, 0.28242649999999997, 0.5
623, 7, 3, 3, 0.27510450000000003, 0.5
624, 7, 3, 4, 0.2656905, 0.5
625, 7, 3, 5, 0.296025, 0.5
626, 7, 3, 6, 0.2730125, 1.0
627, 7, 3, 7, 0.2635985, 1.0
628, 7, 3, 8, 0.252092, 1.0
629, 7, 3, 9, 0.25523049999999997, 1.0
630, 7, 3, 10, 0.2719665, 1.0
631, 7, 4, 1, 0.324268, 0.5
632, 7, 4, 2, 0.317992, 0.5
633, 7, 4, 3, 0.2792885, 0.5
634, 7, 4, 4, 0.2730125, 0.5
635, 7, 4, 5, 0.286611, 0.5
636, 7, 4, 6, 0.258368, 0.5
637, 7, 4, 7, 0.2730125, 1.0
638, 7, 4, 8, 0.264644, 0.5
639, 7, 4, 9, 0.2384935, 1.0
640, 7, 4, 10, 0.2604605, 0.5
641, 7, 5, 1, 0.330544, 0.5
642, 7, 5, 2, 0.294979, 0.5
643, 7, 5, 3, 0.2834725, 0.5
644, 7, 5, 4, 0.2771965, 0.5
645, 7, 5, 5, 0.266736, 0.5
646, 7, 5, 6, 0.258368, 0.5
647, 7, 5, 7, 0.2615065, 0.5
648, 7, 5, 8, 0.2656905, 1.0
649, 7, 5, 9, 0.262552, 1.0
650, 7, 5, 10, 0.2594145, 1.0
651, 7, 6, 1, 0.323222, 0.5
652, 7, 6, 2, 0.299163, 0.5
653, 7, 6, 3, 0.2792885, 0.5
654, 7, 6, 4, 0.2782425, 0.5
655, 7, 6, 5, 0.279289, 0.5
656, 7, 6, 6, 0.2771965, 0.5
657, 7, 6, 7, 0.280335, 0.5
658, 7, 6, 8, 0.2635985, 1.0
659, 7, 6, 9, 0.2562765, 1.0
660, 7, 6, 10, 0.2541845, 0.5
661, 7, 7, 1, 0.3179915, 0.5
662, 7, 7, 2, 0.292887, 0.5
663, 7, 7, 3, 0.2803345, 0.5
664, 7, 7, 4, 0.25523, 0.5
665, 7, 7, 5, 0.278243, 0.5
666, 7, 7, 6, 0.292887, 1.0
667, 7, 7, 7, 0.267782, 1.0
668, 7, 7, 8, 0.27615049999999997, 1.0
669, 7, 7, 9, 0.26359849999999996, 1.0
670, 7, 7, 10, 0.257322, 0.5
671, 7, 8, 1, 0.324268, 0.5
672, 7, 8, 2, 0.309623, 0.5
673, 7, 8, 3, 0.257322, 0.5
674, 7, 8, 4, 0.2761505, 0.5
675, 7, 8, 5, 0.280335, 0.5
676, 7, 8, 6, 0.2771965, 1.0
677, 7, 8, 7, 0.2667365, 1.0
678, 7, 8, 8, 0.2646445, 1.0
679, 7, 8, 9, 0.2730125, 1.0
680, 7, 8, 10, 0.2458155, 1.0
681, 7, 9, 1, 0.31485399999999997, 0.5
682, 7, 9, 2, 0.3127615, 0.5
683, 7, 9, 3, 0.2656905, 0.5
684, 7, 9, 4, 0.2782425, 0.5
685, 7, 9, 5, 0.2792885, 0.5
686, 7, 9, 6, 0.2792885, 1.0
687, 7, 9, 7, 0.2698745, 1.0
688, 7, 9, 8, 0.2688285, 0.5
689, 7, 9, 9, 0.2677825, 1.0
690, 7, 9, 10, 0.2583685, 1.0
691, 7, 10, 1, 0.32636, 0.5
692, 7, 10, 2, 0.306485, 0.5
693, 7, 10, 3, 0.285565, 0.5
694, 7, 10, 4, 0.263598, 0.5
695, 7, 10, 5, 0.281381, 0.5
696, 7, 10, 6, 0.264644, 1.0
697, 7, 10, 7, 0.252092, 0.5
698, 7, 10, 8, 0.25523, 1.0
699, 7, 10, 9, 0.261506, 1.0
700, 7, 10, 10, 0.2531385, 1.0
701, 8, 1, 1, 0.33647799999999994, 0.5
702, 8, 1, 2, 0.293501, 0.5
703, 8, 1, 3, 0.278826, 0.5
704, 8, 1, 4, 0.2872115, 0.5
705, 8, 1, 5, 0.26834399999999997, 0.5
706, 8, 1, 6, 0.27358499999999997, 0.5
707, 8, 1, 7, 0.264151, 1.5
708, 8, 1, 8, 0.26415099999999997, 0.5
709, 8, 1, 9, 0.2526205, 0.5
710, 8, 1, 10, 0.245283, 1.0
711, 8, 2, 1, 0.3238995, 0.5
712, 8, 2, 2, 0.3113205, 0.5
713, 8, 2, 3, 0.28511549999999997, 0.5
714, 8, 2, 4, 0.26624749999999997, 0.5
715, 8, 2, 5, 0.2672955, 0.5
716, 8, 2, 6, 0.26100599999999996, 0.5
717, 8, 2, 7, 0.24423499999999998, 1.0
718, 8, 2, 8, 0.253669, 0.5
719, 8, 2, 9, 0.264151, 1.0
720, 8, 2, 10, 0.2515725, 1.0
721, 8, 3, 1, 0.3385745, 0.5
722, 8, 3, 2, 0.3081765, 0.5
723, 8, 3, 3, 0.309224, 1.0
724, 8, 3, 4, 0.284067, 0.5
725, 8, 3, 5, 0.25681350000000003, 0.5
726, 8, 3, 6, 0.2725365, 1.0
727, 8, 3, 7, 0.255765, 0.5
728, 8, 3, 8, 0.2631025, 0.5
729, 8, 3, 9, 0.271488, 1.0
730, 8, 3, 10, 0.278826, 1.0
731, 8, 4, 1, 0.3343815, 0.5
732, 8, 4, 2, 0.2997905, 0.5
733, 8, 4, 3, 0.28092249999999996, 0.5
734, 8, 4, 4, 0.27044, 0.5
735, 8, 4, 5, 0.29664599999999997, 0.5
736, 8, 4, 6, 0.2767295, 0.5
737, 8, 4, 7, 0.3008385, 1.0
738, 8, 4, 8, 0.2861635, 1.0
739, 8, 4, 9, 0.2714885, 1.0
740, 8, 4, 10, 0.26415099999999997, 1.0
741, 8, 5, 1, 0.3427675, 0.5
742, 8, 5, 2, 0.292453, 0.5
743, 8, 5, 3, 0.2903565, 0.5
744, 8, 5, 4, 0.277778, 0.5
745, 8, 5, 5, 0.26519899999999996, 0.5
746, 8, 5, 6, 0.26939199999999996, 0.5
747, 8, 5, 7, 0.2631025, 1.0
748, 8, 5, 8, 0.2631025, 1.0
749, 8, 5, 9, 0.2484275, 0.5
750, 8, 5, 10, 0.249476, 1.0
751, 8, 6, 1, 0.325996, 0.5
752, 8, 6, 2, 0.311321, 0.5
753, 8, 6, 3, 0.27777799999999997, 0.5
754, 8, 6, 4, 0.2756815, 0.5
755, 8, 6, 5, 0.2557655, 0.5
756, 8, 6, 6, 0.27672949999999996, 1.0
757, 8, 6, 7, 0.268344, 1.0
758, 8, 6, 8, 0.246331, 1.0
759, 8, 6, 9, 0.283019, 1.0
760, 8, 6, 10, 0.249476, 1.0
761, 8, 7, 1, 0.3343815, 0.5
762, 8, 7, 2, 0.32075450000000005, 0.5
763, 8, 7, 3, 0.3081765, 0.5
764, 8, 7, 4, 0.278826, 0.5
765, 8, 7, 5, 0.274633, 0.5
766, 8, 7, 6, 0.274633, 0.5
767, 8, 7, 7, 0.251572, 1.0
768, 8, 7, 8, 0.257862, 1.0
769, 8, 7, 9, 0.2756815, 1.0
770, 8, 7, 10, 0.26205449999999997, 1.0
771, 8, 8, 1, 0.33333349999999995, 0.5
772, 8, 8, 2, 0.302935, 0.5
773, 8, 8, 3, 0.2756815, 0.5
774, 8, 8, 4, 0.280922, 0.5
775, 8, 8, 5, 0.2756815, 0.5
776, 8, 8, 6, 0.2421385, 0.5
777, 8, 8, 7, 0.25891, 1.0
778, 8, 8, 8, 0.250524, 1.0
779, 8, 8, 9, 0.25891, 1.0
780, 8, 8, 10, 0.27253649999999996, 1.0
781, 8, 9, 1, 0.337526, 1.0
782, 8, 9, 2, 0.298742, 0.5
783, 8, 9, 3, 0.3060795, 0.5
784, 8, 9, 4, 0.2651995, 0.5
785, 8, 9, 5, 0.274633, 0.5
786, 8, 9, 6, 0.2589095, 0.5
787, 8, 9, 7, 0.264151, 1.0
788, 8, 9, 8, 0.29559749999999996, 1.0
789, 8, 9, 9, 0.26939199999999996, 1.0
790, 8, 9, 10, 0.2379455, 1.0
791, 8, 10, 1, 0.3385745, 0.5
792, 8, 10, 2, 0.3102725, 0.5
793, 8, 10, 3, 0.2903565, 0.5
794, 8, 10, 4, 0.259958, 0.5
795, 8, 10, 5, 0.26519899999999996, 0.5
796, 8, 10, 6, 0.255765, 0.5
797, 8, 10, 7, 0.2672955, 0.5
798, 8, 10, 8, 0.246331, 1.0
799, 8, 10, 9, 0.2379455, 1.0
800, 8, 10, 10, 0.27987399999999996, 1.0
801, 9, 1, 1, 0.297694, 0.0
802, 9, 1, 2, 0.2714885, 0.0
803, 9, 1, 3, 0.2735845, 0.0
804, 9, 1, 4, 0.26624749999999997, 0.0
805, 9, 1, 5, 0.26834399999999997, 0.0
806, 9, 1, 6, 0.255765, 0.0
807, 9, 1, 7, 0.2515725, 0.0
808, 9, 1, 8, 0.25366900000000003, 0.0
809, 9, 1, 9, 0.2704405, 0.0
810, 9, 1, 10, 0.2526205, 0.5
811, 9, 2, 1, 0.3081765, 0.0
812, 9, 2, 2, 0.287212, 0.0
813, 9, 2, 3, 0.28825999999999996, 0.5
814, 9, 2, 4, 0.2872115, 0.5
815, 9, 2, 5, 0.28511549999999997, 0.0
816, 9, 2, 6, 0.2672955, 0.0
817, 9, 2, 7, 0.2714885, 0.5
818, 9, 2, 8, 0.28406699999999996, 0.5
819, 9, 2, 9, 0.265199, 0.5
820, 9, 2, 10, 0.255765, 0.5
821, 9, 3, 1, 0.3343815, 0.5
822, 9, 3, 2, 0.3060795, 0.5
823, 9, 3, 3, 0.303983, 0.5
824, 9, 3, 4, 0.274633, 0.5
825, 9, 3, 5, 0.28092249999999996, 0.5
826, 9, 3, 6, 0.2756815, 0.5
827, 9, 3, 7, 0.2704405, 0.5
828, 9, 3, 8, 0.26205449999999997, 0.5
829, 9, 3, 9, 0.25471699999999997, 0.5
830, 9, 3, 10, 0.255765, 0.5
831, 9, 4, 1, 0.331237, 0.5
832, 9, 4, 2, 0.2997905, 0.5
833, 9, 4, 3, 0.2861635, 0.5
834, 9, 4, 4, 0.26624749999999997, 0.5
835, 9, 4, 5, 0.2714885, 0.5
836, 9, 4, 6, 0.26519950000000003, 0.5
837, 9, 4, 7, 0.2704405, 0.5
838, 9, 4, 8, 0.2515725, 0.5
839, 9, 4, 9, 0.2672955, 0.5
840, 9, 4, 10, 0.259958, 0.5
841, 9, 5, 1, 0.3280925, 0.5
842, 9, 5, 2, 0.3113205, 0.5
843, 9, 5, 3, 0.283019, 0.5
844, 9, 5, 4, 0.274633, 0.5
845, 9, 5, 5, 0.274633, 0.5
846, 9, 5, 6, 0.26939199999999996, 0.5
847, 9, 5, 7, 0.26415099999999997, 0.5
848, 9, 5, 8, 0.25891, 0.5
849, 9, 5, 9, 0.25786200000000004, 0.5
850, 9, 5, 10, 0.26100599999999996, 0.5
851, 9, 6, 1, 0.336478, 0.5
852, 9, 6, 2, 0.3197065, 0.5
853, 9, 6, 3, 0.2714885, 0.5
854, 9, 6, 4, 0.27777799999999997, 0.5
855, 9, 6, 5, 0.278826, 0.5
856, 9, 6, 6, 0.285115, 0.5
857, 9, 6, 7, 0.26415099999999997, 0.5
858, 9, 6, 8, 0.2526205, 0.5
859, 9, 6, 9, 0.26519950000000003, 0.5
860, 9, 6, 10, 0.255765, 0.5
861, 9, 7, 1, 0.331237, 0.5
862, 9, 7, 2, 0.298742, 0.5
863, 9, 7, 3, 0.2798745, 0.5
864, 9, 7, 4, 0.2945495, 0.5
865, 9, 7, 5, 0.27777799999999997, 0.5
866, 9, 7, 6, 0.2756815, 0.5
867, 9, 7, 7, 0.27044, 0.5
868, 9, 7, 8, 0.27777799999999997, 0.5
869, 9, 7, 9, 0.25366900000000003, 0.5
870, 9, 7, 10, 0.2557655, 0.5
871, 9, 8, 1, 0.3134175, 0.5
872, 9, 8, 2, 0.308176, 0.5
873, 9, 8, 3, 0.2819705, 0.5
874, 9, 8, 4, 0.2756815, 0.5
875, 9, 8, 5, 0.259958, 0.5
876, 9, 8, 6, 0.264151, 0.5
877, 9, 8, 7, 0.2557655, 0.5
878, 9, 8, 8, 0.2631025, 0.5
879, 9, 8, 9, 0.26100599999999996, 0.5
880, 9, 8, 10, 0.26100599999999996, 0.5
881, 9, 9, 1, 0.3238995, 0.5
882, 9, 9, 2, 0.2966455, 0.5
883, 9, 9, 3, 0.2756815, 0.5
884, 9, 9, 4, 0.27777799999999997, 0.5
885, 9, 9, 5, 0.27044, 0.5
886, 9, 9, 6, 0.2777775, 0.5
887, 9, 9, 7, 0.27253700000000003, 0.5
888, 9, 9, 8, 0.271488, 0.5
889, 9, 9, 9, 0.255765, 0.5
890, 9, 9, 10, 0.259958, 0.5
891, 9, 10, 1, 0.323899, 0.5
892, 9, 10, 2, 0.2945495, 0.5
893, 9, 10, 3, 0.27777799999999997, 0.5
894, 9, 10, 4, 0.27044, 0.5
895, 9, 10, 5, 0.27987399999999996, 0.5
896, 9, 10, 6, 0.26939199999999996, 0.5
897, 9, 10, 7, 0.2714885, 0.5
898, 9, 10, 8, 0.2631025, 0.5
899, 9, 10, 9, 0.249476, 0.5
900, 9, 10, 10, 0.2672955, 0.5
901, 10, 1, 1, 0.31894750000000005, 0.0
902, 10, 1, 2, 0.297895, 0.0
903, 10, 1, 3, 0.290526, 0.0
904, 10, 1, 4, 0.282105, 0.0
905, 10, 1, 5, 0.27684200000000003, 0.0
906, 10, 1, 6, 0.283158, 0.0
907, 10, 1, 7, 0.2957895, 0.0
908, 10, 1, 8, 0.271579, 0.0
909, 10, 1, 9, 0.270526, 0.0
910, 10, 1, 10, 0.2557895, 0.0
911, 10, 2, 1, 0.334737, 0.0
912, 10, 2, 2, 0.309474, 0.0
913, 10, 2, 3, 0.3, 0.0
914, 10, 2, 4, 0.3168425, 0.5
915, 10, 2, 5, 0.271579, 0.0
916, 10, 2, 6, 0.26526299999999997, 0.0
917, 10, 2, 7, 0.2863155, 0.0
918, 10, 2, 8, 0.2852635, 0.0
919, 10, 2, 9, 0.3052635, 0.5
920, 10, 2, 10, 0.32, 0.0
921, 10, 3, 1, 0.3526315, 0.5
922, 10, 3, 2, 0.3168425, 0.5
923, 10, 3, 3, 0.321053, 0.5
924, 10, 3, 4, 0.32, 0.5
925, 10, 3, 5, 0.286316, 0.5
926, 10, 3, 6, 0.3010525, 0.5
927, 10, 3, 7, 0.2936845, 0.5
928, 10, 3, 8, 0.2947365, 0.5
929, 10, 3, 9, 0.28421050000000003, 0.5
930, 10, 3, 10, 0.29157900000000003, 0.5
931, 10, 4, 1, 0.362105, 0.5
932, 10, 4, 2, 0.336842, 0.5
933, 10, 4, 3, 0.311579, 0.5
934, 10, 4, 4, 0.30315800000000004, 0.5
935, 10, 4, 5, 0.29894750000000003, 0.5
936, 10, 4, 6, 0.2936845, 0.5
937, 10, 4, 7, 0.296842, 0.5
938, 10, 4, 8, 0.281053, 0.5
939, 10, 4, 9, 0.3021055, 0.5
940, 10, 4, 10, 0.30315800000000004, 0.5
941, 10, 5, 1, 0.34736849999999997, 0.5
942, 10, 5, 2, 0.33999999999999997, 0.5
943, 10, 5, 3, 0.328421, 0.5
944, 10, 5, 4, 0.2968425, 0.5
945, 10, 5, 5, 0.28842100000000004, 0.5
946, 10, 5, 6, 0.291579, 0.5
947, 10, 5, 7, 0.274737, 0.5
948, 10, 5, 8, 0.283158, 0.5
949, 10, 5, 9, 0.2894735, 0.5
950, 10, 5, 10, 0.29578950000000004, 0.5
951, 10, 6, 1, 0.348421, 0.5
952, 10, 6, 2, 0.3442105, 0.5
953, 10, 6, 3, 0.3010525, 0.5
954, 10, 6, 4, 0.3073685, 0.5
955, 10, 6, 5, 0.310526, 0.5
956, 10, 6, 6, 0.306316, 0.5
957, 10, 6, 7, 0.3, 0.5
958, 10, 6, 8, 0.2905265, 0.5
959, 10, 6, 9, 0.294737, 0.5
960, 10, 6, 10, 0.296842, 0.5
961, 10, 7, 1, 0.365263, 0.5
962, 10, 7, 2, 0.343158, 0.5
963, 10, 7, 3, 0.316842, 0.5
964, 10, 7, 4, 0.2926315, 0.5
965, 10, 7, 5, 0.3021055, 0.5
966, 10, 7, 6, 0.2957895, 0.5
967, 10, 7, 7, 0.291579, 0.5
968, 10, 7, 8, 0.271579, 0.5
969, 10, 7, 9, 0.3010525, 0.5
970, 10, 7, 10, 0.2831575, 0.5
971, 10, 8, 1, 0.35052649999999996, 0.5
972, 10, 8, 2, 0.331579, 0.5
973, 10, 8, 3, 0.3157895, 0.5
974, 10, 8, 4, 0.2905265, 0.5
975, 10, 8, 5, 0.2873685, 0.5
976, 10, 8, 6, 0.2863155, 0.5
977, 10, 8, 7, 0.30315749999999997, 0.5
978, 10, 8, 8, 0.2810525, 0.5
979, 10, 8, 9, 0.28421050000000003, 0.5
980, 10, 8, 10, 0.2894735, 0.5
981, 10, 9, 1, 0.33999999999999997, 0.5
982, 10, 9, 2, 0.3378945, 0.5
983, 10, 9, 3, 0.31789449999999997, 0.5
984, 10, 9, 4, 0.3, 0.5
985, 10, 9, 5, 0.3, 0.5
986, 10, 9, 6, 0.305263, 0.5
987, 10, 9, 7, 0.296842, 0.5
988, 10, 9, 8, 0.2873685, 0.5
989, 10, 9, 9, 0.2821055, 0.5
990, 10, 9, 10, 0.3094735, 0.5
991, 10, 10, 1, 0.3578945, 0.5
992, 10, 10, 2, 0.31473700000000004, 0.5
993, 10, 10, 3, 0.31052599999999997, 0.5
994, 10, 10, 4, 0.3136845, 0.5
995, 10, 10, 5, 0.2957895, 0.5
996, 10, 10, 6, 0.293684, 0.5
997, 10, 10, 7, 0.297895, 0.5
998, 10, 10, 8, 0.2778945, 0.5
999, 10, 10, 9, 0.289474, 0.5
1000, 10, 10, 10, 0.29894750000000003, 0.5
