1, 1, 1, 1, 0.436458, 0.5
2, 1, 1, 2, 0.440625, 0.5
3, 1, 1, 3, 0.434375, 1.0
4, 1, 1, 4, 0.4375, 0.5
5, 1, 1, 5, 0.43125, 1.0
6, 1, 1, 6, 0.43645849999999997, 0.5
7, 1, 1, 7, 0.439583, 0.5
8, 1, 1, 8, 0.44166649999999996, 0.5
9, 1, 1, 9, 0.45625, 0.0
10, 1, 1, 10, 0.4479165, 0.5
11, 1, 2, 1, 0.436458, 1.5
12, 1, 2, 2, 0.44270849999999995, 1.0
13, 1, 2, 3, 0.4375, 1.0
14, 1, 2, 4, 0.446875, 1.0
15, 1, 2, 5, 0.43333350000000004, 0.5
16, 1, 2, 6, 0.440625, 0.5
17, 1, 2, 7, 0.43854150000000003, 1.5
18, 1, 2, 8, 0.4375, 0.5
19, 1, 2, 9, 0.4135415, 1.0
20, 1, 2, 10, 0.4552085, 0.0
21, 1, 3, 1, 0.4666665, 0.5
22, 1, 3, 2, 0.42708349999999995, 0.5
23, 1, 3, 3, 0.42916699999999997, 0.5
24, 1, 3, 4, 0.43125, 0.0
25, 1, 3, 5, 0.4322915, 0.5
26, 1, 3, 6, 0.440625, 0.5
27, 1, 3, 7, 0.454167, 0.5
28, 1, 3, 8, 0.44375, 0.0
29, 1, 3, 9, 0.4447915, 0.5
30, 1, 3, 10, 0.45625, 0.5
31, 1, 4, 1, 0.459375, 0.5
32, 1, 4, 2, 0.4395835, 1.5
33, 1, 4, 3, 0.4583335, 0.0
34, 1, 4, 4, 0.43125, 0.5
35, 1, 4, 5, 0.4510415, 0.0
36, 1, 4, 6, 0.4375, 1.0
37, 1, 4, 7, 0.446875, 0.5
38, 1, 4, 8, 0.44166649999999996, 1.0
39, 1, 4, 9, 0.454167, 0.0
40, 1, 4, 10, 0.4447915, 0.5
41, 1, 5, 1, 0.43645849999999997, 1.5
42, 1, 5, 2, 0.4302085, 0.0
43, 1, 5, 3, 0.423958, 0.0
44, 1, 5, 4, 0.4354165, 0.5
45, 1, 5, 5, 0.4395835, 1.0
46, 1, 5, 6, 0.43125, 0.0
47, 1, 5, 7, 0.43333299999999997, 0.0
48, 1, 5, 8, 0.451042, 1.0
49, 1, 5, 9, 0.4375, 0.0
50, 1, 5, 10, 0.4270835, 0.5
51, 1, 6, 1, 0.4510415, 0.5
52, 1, 6, 2, 0.4447915, 0.5
53, 1, 6, 3, 0.4395835, 0.0
54, 1, 6, 4, 0.43020800000000003, 0.5
55, 1, 6, 5, 0.43854150000000003, 1.0
56, 1, 6, 6, 0.4447915, 0.5
57, 1, 6, 7, 0.45625000000000004, 0.5
58, 1, 6, 8, 0.434375, 1.0
59, 1, 6, 9, 0.43645849999999997, 0.5
60, 1, 6, 10, 0.427083, 0.5
61, 1, 7, 1, 0.44895799999999997, 0.0
62, 1, 7, 2, 0.43645849999999997, 0.5
63, 1, 7, 3, 0.4510415, 1.0
64, 1, 7, 4, 0.45833349999999995, 0.5
65, 1, 7, 5, 0.43854150000000003, 1.5
66, 1, 7, 6, 0.434375, 1.0
67, 1, 7, 7, 0.44166700000000003, 0.0
68, 1, 7, 8, 0.45, 0.5
69, 1, 7, 9, 0.426042, 0.5
70, 1, 7, 10, 0.441667, 1.0
71, 1, 8, 1, 0.44375, 0.0
72, 1, 8, 2, 0.44999999999999996, 0.0
73, 1, 8, 3, 0.4604165, 0.0
74, 1, 8, 4, 0.44479199999999997, 0.5
75, 1, 8, 5, 0.434375, 0.5
76, 1, 8, 6, 0.435417, 1.0
77, 1, 8, 7, 0.43854150000000003, 1.5
78, 1, 8, 8, 0.44895850000000004, 1.0
79, 1, 8, 9, 0.441667, 0.5
80, 1, 8, 10, 0.4604165, 0.5
81, 1, 9, 1, 0.43125, 0.5
82, 1, 9, 2, 0.43437499999999996, 0.5
83, 1, 9, 3, 0.45416650000000003, 1.0
84, 1, 9, 4, 0.440625, 1.0
85, 1, 9, 5, 0.434375, 1.0
86, 1, 9, 6, 0.43645849999999997, 0.5
87, 1, 9, 7, 0.453125, 0.5
88, 1, 9, 8, 0.43645849999999997, 0.0
89, 1, 9, 9, 0.4354165, 0.0
90, 1, 9, 10, 0.44166649999999996, 1.0
91, 1, 10, 1, 0.4427085, 0.5
92, 1, 10, 2, 0.4427085, 1.0
93, 1, 10, 3, 0.45208349999999997, 0.5
94, 1, 10, 4, 0.4479165, 0.0
95, 1, 10, 5, 0.433333, 1.0
96, 1, 10, 6, 0.459375, 0.5
97, 1, 10, 7, 0.43645849999999997, 0.5
98, 1, 10, 8, 0.43854150000000003, 1.5
99, 1, 10, 9, 0.45, 1.0
100, 1, 10, 10, 0.4270835, 0.5
101, 2, 1, 1, 0.461458, 1.0
102, 2, 1, 2, 0.4739585, 1.5
103, 2, 1, 3, 0.4739585, 1.5
104, 2, 1, 4, 0.46770849999999997, 1.0
105, 2, 1, 5, 0.48124999999999996, 2.0
106, 2, 1, 6, 0.467708, 1.5
107, 2, 1, 7, 0.4604165, 1.5
108, 2, 1, 8, 0.4875, 1.0
109, 2, 1, 9, 0.47916650000000005, 1.0
110, 2, 1, 10, 0.475, 1.0
111, 2, 2, 1, 0.48333349999999997, 1.0
112, 2, 2, 2, 0.48541650000000003, 1.0
113, 2, 2, 3, 0.46770849999999997, 1.0
114, 2, 2, 4, 0.46979150000000003, 1.0
115, 2, 2, 5, 0.4916665, 1.5
116, 2, 2, 6, 0.4635415, 1.0
117, 2, 2, 7, 0.48020850000000004, 1.5
118, 2, 2, 8, 0.46875, 1.0
119, 2, 2, 9, 0.4729165, 1.0
120, 2, 2, 10, 0.4802085, 1.0
121, 2, 3, 1, 0.46875, 1.5
122, 2, 3, 2, 0.47291649999999996, 1.0
123, 2, 3, 3, 0.471875, 2.0
124, 2, 3, 4, 0.48333349999999997, 2.0
125, 2, 3, 5, 0.46562499999999996, 1.0
126, 2, 3, 6, 0.4770835, 2.0
127, 2, 3, 7, 0.475, 1.5
128, 2, 3, 8, 0.48541650000000003, 2.0
129, 2, 3, 9, 0.478125, 2.0
130, 2, 3, 10, 0.48125, 2.0
131, 2, 4, 1, 0.475, 1.0
132, 2, 4, 2, 0.478125, 2.0
133, 2, 4, 3, 0.467708, 1.0
134, 2, 4, 4, 0.48124999999999996, 1.5
135, 2, 4, 5, 0.465625, 2.0
136, 2, 4, 6, 0.4625, 2.0
137, 2, 4, 7, 0.48124999999999996, 1.0
138, 2, 4, 8, 0.47291700000000003, 1.5
139, 2, 4, 9, 0.467708, 1.0
140, 2, 4, 10, 0.4770835, 1.0
141, 2, 5, 1, 0.471875, 1.5
142, 2, 5, 2, 0.48645800000000006, 1.5
143, 2, 5, 3, 0.48125, 2.0
144, 2, 5, 4, 0.479167, 2.0
145, 2, 5, 5, 0.483333, 1.0
146, 2, 5, 6, 0.46041699999999997, 1.0
147, 2, 5, 7, 0.48749999999999993, 1.0
148, 2, 5, 8, 0.459375, 2.0
149, 2, 5, 9, 0.47083299999999995, 1.0
150, 2, 5, 10, 0.48229200000000005, 1.5
151, 2, 6, 1, 0.45208349999999997, 1.0
152, 2, 6, 2, 0.4760415, 1.0
153, 2, 6, 3, 0.47291649999999996, 1.0
154, 2, 6, 4, 0.46979150000000003, 1.0
155, 2, 6, 5, 0.4833335, 1.0
156, 2, 6, 6, 0.4739585, 1.5
157, 2, 6, 7, 0.4708335, 1.5
158, 2, 6, 8, 0.467708, 1.0
159, 2, 6, 9, 0.46562499999999996, 1.0
160, 2, 6, 10, 0.47916649999999994, 2.0
161, 2, 7, 1, 0.4822915, 1.0
162, 2, 7, 2, 0.4604165, 1.5
163, 2, 7, 3, 0.47916650000000005, 2.0
164, 2, 7, 4, 0.478125, 1.0
165, 2, 7, 5, 0.49583350000000004, 1.0
166, 2, 7, 6, 0.48229200000000005, 1.5
167, 2, 7, 7, 0.45625000000000004, 1.0
168, 2, 7, 8, 0.478125, 2.0
169, 2, 7, 9, 0.4666665, 1.5
170, 2, 7, 10, 0.4864585, 1.0
171, 2, 8, 1, 0.467708, 2.0
172, 2, 8, 2, 0.47812499999999997, 1.0
173, 2, 8, 3, 0.4760415, 1.0
174, 2, 8, 4, 0.48020850000000004, 1.0
175, 2, 8, 5, 0.48333349999999997, 1.0
176, 2, 8, 6, 0.465625, 1.0
177, 2, 8, 7, 0.4760415, 1.0
178, 2, 8, 8, 0.47916650000000005, 2.0
179, 2, 8, 9, 0.46979150000000003, 1.0
180, 2, 8, 10, 0.475, 1.0
181, 2, 9, 1, 0.485417, 2.0
182, 2, 9, 2, 0.46562499999999996, 2.0
183, 2, 9, 3, 0.4708335, 1.5
184, 2, 9, 4, 0.4708335, 1.0
185, 2, 9, 5, 0.48124999999999996, 1.0
186, 2, 9, 6, 0.4927085, 1.5
187, 2, 9, 7, 0.47187499999999993, 1.5
188, 2, 9, 8, 0.47395849999999995, 1.0
189, 2, 9, 9, 0.47291649999999996, 1.0
190, 2, 9, 10, 0.47291700000000003, 1.5
191, 2, 10, 1, 0.46354149999999994, 2.0
192, 2, 10, 2, 0.471875, 2.0
193, 2, 10, 3, 0.48125, 1.0
194, 2, 10, 4, 0.48020850000000004, 1.0
195, 2, 10, 5, 0.478125, 1.5
196, 2, 10, 6, 0.4791665, 2.0
197, 2, 10, 7, 0.4614585, 1.0
198, 2, 10, 8, 0.4770835, 1.0
199, 2, 10, 9, 0.447917, 2.5
200, 2, 10, 10, 0.4604165, 1.0
201, 3, 1, 1, 0.502083, 0.0
202, 3, 1, 2, 0.5145835, 0.0
203, 3, 1, 3, 0.5125000000000001, 0.0
204, 3, 1, 4, 0.5072920000000001, 0.0
205, 3, 1, 5, 0.5072915, 0.0
206, 3, 1, 6, 0.511458, 0.0
207, 3, 1, 7, 0.49791700000000005, 0.0
208, 3, 1, 8, 0.504167, 0.5
209, 3, 1, 9, 0.509375, 0.0
210, 3, 1, 10, 0.5083335, 0.0
211, 3, 2, 1, 0.5104164999999999, 0.0
212, 3, 2, 2, 0.503125, 0.0
213, 3, 2, 3, 0.5, 0.0
214, 3, 2, 4, 0.517708, 0.0
215, 3, 2, 5, 0.49479149999999994, 0.0
216, 3, 2, 6, 0.5010415, 0.0
217, 3, 2, 7, 0.509375, 0.0
218, 3, 2, 8, 0.5114585, 0.0
219, 3, 2, 9, 0.485417, 0.0
220, 3, 2, 10, 0.510417, 0.0
221, 3, 3, 1, 0.5260415, 1.0
222, 3, 3, 2, 0.5145835000000001, 0.0
223, 3, 3, 3, 0.5135415, 0.0
224, 3, 3, 4, 0.5197915, 0.0
225, 3, 3, 5, 0.504167, 0.0
226, 3, 3, 6, 0.5104164999999999, 0.0
227, 3, 3, 7, 0.50625, 0.0
228, 3, 3, 8, 0.5072920000000001, 0.0
229, 3, 3, 9, 0.49375, 0.0
230, 3, 3, 10, 0.516667, 0.0
231, 3, 4, 1, 0.5052085000000001, 0.0
232, 3, 4, 2, 0.49375, 0.0
233, 3, 4, 3, 0.5104164999999999, 0.0
234, 3, 4, 4, 0.504167, 0.0
235, 3, 4, 5, 0.509375, 0.0
236, 3, 4, 6, 0.48749999999999993, 0.0
237, 3, 4, 7, 0.510417, 0.0
238, 3, 4, 8, 0.51875, 0.0
239, 3, 4, 9, 0.509375, 0.0
240, 3, 4, 10, 0.5145835000000001, 0.0
241, 3, 5, 1, 0.517708, 0.0
242, 3, 5, 2, 0.5052085, 0.0
243, 3, 5, 3, 0.5072915, 0.0
244, 3, 5, 4, 0.514583, 0.0
245, 3, 5, 5, 0.515625, 0.0
246, 3, 5, 6, 0.515625, 0.0
247, 3, 5, 7, 0.5072920000000001, 0.0
248, 3, 5, 8, 0.51875, 0.0
249, 3, 5, 9, 0.502083, 0.0
250, 3, 5, 10, 0.505208, 0.0
251, 3, 6, 1, 0.5072915, 0.0
252, 3, 6, 2, 0.5041665, 0.0
253, 3, 6, 3, 0.509375, 0.0
254, 3, 6, 4, 0.513542, 0.0
255, 3, 6, 5, 0.5041665, 0.0
256, 3, 6, 6, 0.51875, 0.0
257, 3, 6, 7, 0.5197915, 0.0
258, 3, 6, 8, 0.5083335, 0.0
259, 3, 6, 9, 0.5145835000000001, 0.0
260, 3, 6, 10, 0.5114585, 0.0
261, 3, 7, 1, 0.509375, 0.0
262, 3, 7, 2, 0.514583, 0.0
263, 3, 7, 3, 0.509375, 0.0
264, 3, 7, 4, 0.515625, 0.0
265, 3, 7, 5, 0.504167, 0.5
266, 3, 7, 6, 0.503125, 0.0
267, 3, 7, 7, 0.5083335, 0.5
268, 3, 7, 8, 0.5125, 0.0
269, 3, 7, 9, 0.4958335, 0.0
270, 3, 7, 10, 0.50625, 0.0
271, 3, 8, 1, 0.4947915, 0.0
272, 3, 8, 2, 0.5072920000000001, 0.0
273, 3, 8, 3, 0.5083329999999999, 0.0
274, 3, 8, 4, 0.503125, 0.0
275, 3, 8, 5, 0.5125, 0.0
276, 3, 8, 6, 0.5052085, 0.0
277, 3, 8, 7, 0.4895835, 0.0
278, 3, 8, 8, 0.5177085, 0.0
279, 3, 8, 9, 0.535417, 0.0
280, 3, 8, 10, 0.509375, 0.0
281, 3, 9, 1, 0.5020835, 0.0
282, 3, 9, 2, 0.509375, 0.0
283, 3, 9, 3, 0.5093749999999999, 0.0
284, 3, 9, 4, 0.5104164999999999, 0.0
285, 3, 9, 5, 0.5093749999999999, 1.0
286, 3, 9, 6, 0.5177085, 0.0
287, 3, 9, 7, 0.5135415, 0.0
288, 3, 9, 8, 0.492708, 0.0
289, 3, 9, 9, 0.5010415, 0.0
290, 3, 9, 10, 0.5239585, 0.0
291, 3, 10, 1, 0.5083329999999999, 0.0
292, 3, 10, 2, 0.5135415, 0.0
293, 3, 10, 3, 0.5114585, 0.0
294, 3, 10, 4, 0.509375, 0.0
295, 3, 10, 5, 0.516667, 0.0
296, 3, 10, 6, 0.5072920000000001, 0.0
297, 3, 10, 7, 0.5020835, 0.0
298, 3, 10, 8, 0.517708, 0.0
299, 3, 10, 9, 0.5031249999999999, 0.5
300, 3, 10, 10, 0.5197915, 0.0
301, 4, 1, 1, 0.526042, 0.0
302, 4, 1, 2, 0.5416665, 0.0
303, 4, 1, 3, 0.5531250000000001, 0.0
304, 4, 1, 4, 0.54375, 0.0
305, 4, 1, 5, 0.525, 0.0
306, 4, 1, 6, 0.5385415, 0.0
307, 4, 1, 7, 0.544792, 0.5
308, 4, 1, 8, 0.5385415, 0.0
309, 4, 1, 9, 0.54375, 0.0
310, 4, 1, 10, 0.5322914999999999, 0.0
311, 4, 2, 1, 0.5552085, 0.0
312, 4, 2, 2, 0.5208335, 0.0
313, 4, 2, 3, 0.552083, 0.0
314, 4, 2, 4, 0.5375, 0.0
315, 4, 2, 5, 0.5229165, 0.0
316, 4, 2, 6, 0.540625, 0.0
317, 4, 2, 7, 0.5447915, 0.0
318, 4, 2, 8, 0.5625, 0.0
319, 4, 2, 9, 0.546875, 0.0
320, 4, 2, 10, 0.5541670000000001, 0.0
321, 4, 3, 1, 0.5489585, 0.0
322, 4, 3, 2, 0.5385420000000001, 0.0
323, 4, 3, 3, 0.5458335000000001, 0.0
324, 4, 3, 4, 0.536458, 0.0
325, 4, 3, 5, 0.53125, 0.0
326, 4, 3, 6, 0.5427085, 0.0
327, 4, 3, 7, 0.5489585, 0.0
328, 4, 3, 8, 0.5427085, 0.0
329, 4, 3, 9, 0.546875, 0.0
330, 4, 3, 10, 0.536458, 0.0
331, 4, 4, 1, 0.5395835, 0.0
332, 4, 4, 2, 0.5385420000000001, 0.0
333, 4, 4, 3, 0.541667, 0.0
334, 4, 4, 4, 0.54375, 0.0
335, 4, 4, 5, 0.542708, 0.0
336, 4, 4, 6, 0.5364585, 0.0
337, 4, 4, 7, 0.5291665, 0.0
338, 4, 4, 8, 0.5395835, 0.0
339, 4, 4, 9, 0.532292, 0.0
340, 4, 4, 10, 0.5447915, 0.0
341, 4, 5, 1, 0.532292, 0.5
342, 4, 5, 2, 0.5291665, 0.0
343, 4, 5, 3, 0.551042, 0.0
344, 4, 5, 4, 0.530208, 0.0
345, 4, 5, 5, 0.5510415, 0.0
346, 4, 5, 6, 0.5375, 0.0
347, 4, 5, 7, 0.54375, 0.0
348, 4, 5, 8, 0.5322914999999999, 0.0
349, 4, 5, 9, 0.51875, 0.0
350, 4, 5, 10, 0.5333335, 0.0
351, 4, 6, 1, 0.5322914999999999, 0.0
352, 4, 6, 2, 0.53125, 0.0
353, 4, 6, 3, 0.5416665, 0.0
354, 4, 6, 4, 0.5354165, 0.0
355, 4, 6, 5, 0.541667, 0.5
356, 4, 6, 6, 0.5395835, 0.0
357, 4, 6, 7, 0.5322914999999999, 0.0
358, 4, 6, 8, 0.5458335, 0.0
359, 4, 6, 9, 0.55, 0.0
360, 4, 6, 10, 0.5291665, 1.0
361, 4, 7, 1, 0.5208335000000001, 0.0
362, 4, 7, 2, 0.5229165, 0.0
363, 4, 7, 3, 0.547917, 0.0
364, 4, 7, 4, 0.5395835, 0.0
365, 4, 7, 5, 0.5291665, 0.0
366, 4, 7, 6, 0.5333335, 0.0
367, 4, 7, 7, 0.5354165, 0.0
368, 4, 7, 8, 0.5395829999999999, 1.0
369, 4, 7, 9, 0.5385415, 0.0
370, 4, 7, 10, 0.5291665, 0.0
371, 4, 8, 1, 0.54375, 0.0
372, 4, 8, 2, 0.534375, 0.0
373, 4, 8, 3, 0.5322914999999999, 0.0
374, 4, 8, 4, 0.5416665, 0.0
375, 4, 8, 5, 0.5354165, 0.0
376, 4, 8, 6, 0.55, 0.0
377, 4, 8, 7, 0.5322914999999999, 0.0
378, 4, 8, 8, 0.5458335000000001, 0.0
379, 4, 8, 9, 0.5375000000000001, 0.0
380, 4, 8, 10, 0.528125, 1.0
381, 4, 9, 1, 0.534375, 0.0
382, 4, 9, 2, 0.5416665, 0.0
383, 4, 9, 3, 0.5375, 0.0
384, 4, 9, 4, 0.5333330000000001, 0.0
385, 4, 9, 5, 0.5458335000000001, 0.0
386, 4, 9, 6, 0.526042, 0.0
387, 4, 9, 7, 0.532292, 0.0
388, 4, 9, 8, 0.533333, 0.0
389, 4, 9, 9, 0.5416665, 0.0
390, 4, 9, 10, 0.542708, 0.0
391, 4, 10, 1, 0.541667, 1.0
392, 4, 10, 2, 0.5322914999999999, 0.5
393, 4, 10, 3, 0.5552085, 0.0
394, 4, 10, 4, 0.520833, 0.0
395, 4, 10, 5, 0.5270835, 0.0
396, 4, 10, 6, 0.5427085, 0.5
397, 4, 10, 7, 0.541667, 0.0
398, 4, 10, 8, 0.525, 0.0
399, 4, 10, 9, 0.542708, 1.0
400, 4, 10, 10, 0.5427085, 0.0
401, 5, 1, 1, 0.532359, 0.0
402, 5, 1, 2, 0.5354909999999999, 0.0
403, 5, 1, 3, 0.5354909999999999, 0.0
404, 5, 1, 4, 0.5250525, 0.0
405, 5, 1, 5, 0.5448850000000001, 0.5
406, 5, 1, 6, 0.539666, 0.0
407, 5, 1, 7, 0.538622, 0.0
408, 5, 1, 8, 0.5532360000000001, 0.0
409, 5, 1, 9, 0.5511485, 0.0
410, 5, 1, 10, 0.54071, 0.0
411, 5, 2, 1, 0.5532360000000001, 0.0
412, 5, 2, 2, 0.5417535, 0.0
413, 5, 2, 3, 0.5354905000000001, 0.0
414, 5, 2, 4, 0.538622, 0.0
415, 5, 2, 5, 0.5438415000000001, 0.0
416, 5, 2, 6, 0.5532360000000001, 0.0
417, 5, 2, 7, 0.552192, 0.5
418, 5, 2, 8, 0.5365345, 0.0
419, 5, 2, 9, 0.5469729999999999, 0.0
420, 5, 2, 10, 0.55428, 0.0
421, 5, 3, 1, 0.5511485, 0.0
422, 5, 3, 2, 0.5417535, 0.0
423, 5, 3, 3, 0.5334030000000001, 0.0
424, 5, 3, 4, 0.5438415000000001, 0.0
425, 5, 3, 5, 0.551148, 0.0
426, 5, 3, 6, 0.5615865, 0.0
427, 5, 3, 7, 0.5427975, 0.0
428, 5, 3, 8, 0.5511485, 0.0
429, 5, 3, 9, 0.5542795, 0.0
430, 5, 3, 10, 0.528184, 0.0
431, 5, 4, 1, 0.5448850000000001, 0.0
432, 5, 4, 2, 0.5501045, 0.0
433, 5, 4, 3, 0.548017, 0.0
434, 5, 4, 4, 0.5532355, 0.0
435, 5, 4, 5, 0.5469725, 0.0
436, 5, 4, 6, 0.5427975, 0.0
437, 5, 4, 7, 0.5574115, 0.0
438, 5, 4, 8, 0.5334030000000001, 0.0
439, 5, 4, 9, 0.5271395, 0.0
440, 5, 4, 10, 0.548017, 0.0
441, 5, 5, 1, 0.5574115, 0.0
442, 5, 5, 2, 0.5501045, 0.0
443, 5, 5, 3, 0.531315, 0.0
444, 5, 5, 4, 0.5553235, 0.0
445, 5, 5, 5, 0.5574115, 0.0
446, 5, 5, 6, 0.5344465, 0.0
447, 5, 5, 7, 0.5490605, 0.0
448, 5, 5, 8, 0.5615870000000001, 0.0
449, 5, 5, 9, 0.5490605, 0.0
450, 5, 5, 10, 0.5532360000000001, 0.0
451, 5, 6, 1, 0.5532360000000001, 0.0
452, 5, 6, 2, 0.5386219999999999, 0.0
453, 5, 6, 3, 0.5302715, 0.0
454, 5, 6, 4, 0.5553235, 0.0
455, 5, 6, 5, 0.558455, 0.0
456, 5, 6, 6, 0.549061, 0.0
457, 5, 6, 7, 0.5417535, 0.0
458, 5, 6, 8, 0.548017, 0.0
459, 5, 6, 9, 0.5553239999999999, 0.0
460, 5, 6, 10, 0.560543, 0.0
461, 5, 7, 1, 0.5563675, 0.0
462, 5, 7, 2, 0.5469729999999999, 0.0
463, 5, 7, 3, 0.549061, 0.5
464, 5, 7, 4, 0.5636745000000001, 0.0
465, 5, 7, 5, 0.5354909999999999, 0.0
466, 5, 7, 6, 0.5438415000000001, 0.0
467, 5, 7, 7, 0.5553235000000001, 0.0
468, 5, 7, 8, 0.54071, 0.0
469, 5, 7, 9, 0.5365345, 0.0
470, 5, 7, 10, 0.5553235000000001, 0.0
471, 5, 8, 1, 0.546973, 0.0
472, 5, 8, 2, 0.5501045, 0.0
473, 5, 8, 3, 0.54071, 0.0
474, 5, 8, 4, 0.5334030000000001, 0.0
475, 5, 8, 5, 0.5417535, 0.0
476, 5, 8, 6, 0.5375785, 0.0
477, 5, 8, 7, 0.566806, 0.0
478, 5, 8, 8, 0.526096, 0.0
479, 5, 8, 9, 0.5553235, 0.0
480, 5, 8, 10, 0.5563675, 0.0
481, 5, 9, 1, 0.5501045, 0.0
482, 5, 9, 2, 0.548017, 0.0
483, 5, 9, 3, 0.532359, 0.0
484, 5, 9, 4, 0.54071, 1.0
485, 5, 9, 5, 0.5438415000000001, 0.0
486, 5, 9, 6, 0.560543, 0.0
487, 5, 9, 7, 0.534447, 0.0
488, 5, 9, 8, 0.560543, 0.0
489, 5, 9, 9, 0.5490605, 0.0
490, 5, 9, 10, 0.5407095, 0.0
491, 5, 10, 1, 0.532359, 0.0
492, 5, 10, 2, 0.5511485, 0.0
493, 5, 10, 3, 0.5229645, 0.0
494, 5, 10, 4, 0.5407095, 0.0
495, 5, 10, 5, 0.5553235000000001, 0.0
496, 5, 10, 6, 0.5480164999999999, 0.0
497, 5, 10, 7, 0.5626305, 0.0
498, 5, 10, 8, 0.5427975, 0.0
499, 5, 10, 9, 0.5469729999999999, 0.0
500, 5, 10, 10, 0.5501039999999999, 1.0
501, 6, 1, 1, 0.570981, 0.5
502, 6, 1, 2, 0.5772444999999999, 0.0
503, 6, 1, 3, 0.572025, 0.0
504, 6, 1, 4, 0.5876825, 0.0
505, 6, 1, 5, 0.5636745000000001, 0.0
506, 6, 1, 6, 0.570981, 0.0
507, 6, 1, 7, 0.58142, 0.0
508, 6, 1, 8, 0.5824635, 0.0
509, 6, 1, 9, 0.574113, 0.0
510, 6, 1, 10, 0.564718, 0.0
511, 6, 2, 1, 0.5814195, 0.0
512, 6, 2, 2, 0.5699369999999999, 0.0
513, 6, 2, 3, 0.5699375, 0.0
514, 6, 2, 4, 0.5678495, 0.0
515, 6, 2, 5, 0.5741125, 0.0
516, 6, 2, 6, 0.5782879999999999, 0.0
517, 6, 2, 7, 0.5751565, 0.0
518, 6, 2, 8, 0.566806, 0.0
519, 6, 2, 9, 0.575157, 0.0
520, 6, 2, 10, 0.5835075000000001, 0.0
521, 6, 3, 1, 0.593946, 0.0
522, 6, 3, 2, 0.584551, 0.0
523, 6, 3, 3, 0.5751565, 0.0
524, 6, 3, 4, 0.5897699999999999, 0.0
525, 6, 3, 5, 0.5835075000000001, 0.0
526, 6, 3, 6, 0.5751565, 0.0
527, 6, 3, 7, 0.5970775, 0.0
528, 6, 3, 8, 0.5824635, 0.0
529, 6, 3, 9, 0.575157, 0.0
530, 6, 3, 10, 0.579332, 0.0
531, 6, 4, 1, 0.5887264999999999, 0.0
532, 6, 4, 2, 0.572025, 0.0
533, 6, 4, 3, 0.5866385, 1.0
534, 6, 4, 4, 0.583507, 0.0
535, 6, 4, 5, 0.5688934999999999, 0.0
536, 6, 4, 6, 0.584551, 0.0
537, 6, 4, 7, 0.5803754999999999, 0.0
538, 6, 4, 8, 0.5762005, 0.0
539, 6, 4, 9, 0.5772444999999999, 0.0
540, 6, 4, 10, 0.5699375, 0.0
541, 6, 5, 1, 0.565762, 0.0
542, 6, 5, 2, 0.56785, 0.0
543, 6, 5, 3, 0.559499, 0.0
544, 6, 5, 4, 0.572025, 0.0
545, 6, 5, 5, 0.5699375, 0.0
546, 6, 5, 6, 0.5803754999999999, 0.0
547, 6, 5, 7, 0.5741130000000001, 0.0
548, 6, 5, 8, 0.573069, 0.5
549, 6, 5, 9, 0.5782885, 0.0
550, 6, 5, 10, 0.575157, 0.0
551, 6, 6, 1, 0.579332, 0.0
552, 6, 6, 2, 0.5720255000000001, 0.0
553, 6, 6, 3, 0.5845515, 0.0
554, 6, 6, 4, 0.572025, 0.0
555, 6, 6, 5, 0.5741130000000001, 0.0
556, 6, 6, 6, 0.5678494999999999, 0.0
557, 6, 6, 7, 0.5751565000000001, 0.0
558, 6, 6, 8, 0.5668055, 0.0
559, 6, 6, 9, 0.5709815, 0.0
560, 6, 6, 10, 0.5584549999999999, 0.0
561, 6, 7, 1, 0.5751565, 0.0
562, 6, 7, 2, 0.565762, 0.0
563, 6, 7, 3, 0.5814195, 0.0
564, 6, 7, 4, 0.5835075000000001, 0.0
565, 6, 7, 5, 0.5709815, 0.0
566, 6, 7, 6, 0.5751569999999999, 0.0
567, 6, 7, 7, 0.577244, 0.0
568, 6, 7, 8, 0.56785, 0.0
569, 6, 7, 9, 0.5855950000000001, 0.0
570, 6, 7, 10, 0.5782879999999999, 0.0
571, 6, 8, 1, 0.5772444999999999, 0.0
572, 6, 8, 2, 0.5699375, 0.0
573, 6, 8, 3, 0.5824635, 0.0
574, 6, 8, 4, 0.573069, 0.0
575, 6, 8, 5, 0.5709815, 0.0
576, 6, 8, 6, 0.565762, 0.0
577, 6, 8, 7, 0.5741125, 0.0
578, 6, 8, 8, 0.563674, 0.0
579, 6, 8, 9, 0.564718, 0.0
580, 6, 8, 10, 0.5699375, 0.0
581, 6, 9, 1, 0.5772444999999999, 0.0
582, 6, 9, 2, 0.5824635, 0.0
583, 6, 9, 3, 0.5762004999999999, 0.0
584, 6, 9, 4, 0.5626305, 0.0
585, 6, 9, 5, 0.5688934999999999, 0.0
586, 6, 9, 6, 0.5741125, 0.0
587, 6, 9, 7, 0.5741125, 0.0
588, 6, 9, 8, 0.5824635, 0.0
589, 6, 9, 9, 0.5814195, 0.0
590, 6, 9, 10, 0.5824635, 0.0
591, 6, 10, 1, 0.5897705, 0.0
592, 6, 10, 2, 0.559499, 0.0
593, 6, 10, 3, 0.55428, 0.0
594, 6, 10, 4, 0.5668059999999999, 0.0
595, 6, 10, 5, 0.5699375, 0.0
596, 6, 10, 6, 0.577244, 0.0
597, 6, 10, 7, 0.5762005, 0.0
598, 6, 10, 8, 0.5824635, 0.0
599, 6, 10, 9, 0.5699375, 0.0
600, 6, 10, 10, 0.5866385, 0.0
601, 7, 1, 1, 0.6098325, 0.0
602, 7, 1, 2, 0.6066945, 0.0
603, 7, 1, 3, 0.591004, 0.0
604, 7, 1, 4, 0.6066945, 0.0
605, 7, 1, 5, 0.617155, 0.0
606, 7, 1, 6, 0.611925, 0.0
607, 7, 1, 7, 0.594142, 0.0
608, 7, 1, 8, 0.6014645000000001, 0.0
609, 7, 1, 9, 0.6066944999999999, 0.0
610, 7, 1, 10, 0.6171549999999999, 0.0
611, 7, 2, 1, 0.6087865, 0.0
612, 7, 2, 2, 0.6035565, 0.0
613, 7, 2, 3, 0.6150629999999999, 0.0
614, 7, 2, 4, 0.6150625000000001, 0.0
615, 7, 2, 5, 0.6098325, 0.0
616, 7, 2, 6, 0.6025105, 0.0
617, 7, 2, 7, 0.6129705000000001, 0.0
618, 7, 2, 8, 0.6129705000000001, 0.0
619, 7, 2, 9, 0.6035565, 0.0
620, 7, 2, 10, 0.6046024999999999, 0.0
621, 7, 3, 1, 0.6066945, 0.0
622, 7, 3, 2, 0.6066945, 0.0
623, 7, 3, 3, 0.5930964999999999, 0.0
624, 7, 3, 4, 0.6077405, 0.0
625, 7, 3, 5, 0.620293, 0.0
626, 7, 3, 6, 0.6066945, 0.0
627, 7, 3, 7, 0.6066945, 0.0
628, 7, 3, 8, 0.6140165, 0.0
629, 7, 3, 9, 0.6014645000000001, 0.0
630, 7, 3, 10, 0.5920505, 0.0
631, 7, 4, 1, 0.628661, 0.0
632, 7, 4, 2, 0.616109, 0.0
633, 7, 4, 3, 0.6035565, 0.0
634, 7, 4, 4, 0.618201, 0.0
635, 7, 4, 5, 0.5983265, 0.0
636, 7, 4, 6, 0.619247, 0.0
637, 7, 4, 7, 0.6087865, 0.0
638, 7, 4, 8, 0.6046025, 0.0
639, 7, 4, 9, 0.6066945, 0.0
640, 7, 4, 10, 0.6150629999999999, 0.0
641, 7, 5, 1, 0.6077405, 0.0
642, 7, 5, 2, 0.6025105, 0.0
643, 7, 5, 3, 0.6150629999999999, 0.0
644, 7, 5, 4, 0.6025105, 0.0
645, 7, 5, 5, 0.6098325, 0.0
646, 7, 5, 6, 0.6265689999999999, 0.0
647, 7, 5, 7, 0.6140165, 0.0
648, 7, 5, 8, 0.5930960000000001, 0.0
649, 7, 5, 9, 0.5930964999999999, 0.0
650, 7, 5, 10, 0.6108785, 0.0
651, 7, 6, 1, 0.6025105, 0.0
652, 7, 6, 2, 0.620293, 0.0
653, 7, 6, 3, 0.5993725, 0.0
654, 7, 6, 4, 0.6014645000000001, 0.0
655, 7, 6, 5, 0.610879, 0.0
656, 7, 6, 6, 0.6066945, 0.0
657, 7, 6, 7, 0.6056485, 0.0
658, 7, 6, 8, 0.6150625000000001, 0.0
659, 7, 6, 9, 0.6077405, 0.0
660, 7, 6, 10, 0.6129705, 0.0
661, 7, 7, 1, 0.6087865, 0.0
662, 7, 7, 2, 0.6098325, 0.0
663, 7, 7, 3, 0.6150629999999999, 0.0
664, 7, 7, 4, 0.617155, 0.0
665, 7, 7, 5, 0.6129705000000001, 0.0
666, 7, 7, 6, 0.6066944999999999, 0.0
667, 7, 7, 7, 0.620293, 0.0
668, 7, 7, 8, 0.6077405, 0.0
669, 7, 7, 9, 0.58682, 0.0
670, 7, 7, 10, 0.6077405, 0.0
671, 7, 8, 1, 0.6098325, 0.0
672, 7, 8, 2, 0.6108785000000001, 0.0
673, 7, 8, 3, 0.6004185, 0.0
674, 7, 8, 4, 0.6066945, 0.0
675, 7, 8, 5, 0.6077405, 0.0
676, 7, 8, 6, 0.6066945, 0.0
677, 7, 8, 7, 0.6150629999999999, 0.0
678, 7, 8, 8, 0.6025105, 0.0
679, 7, 8, 9, 0.617155, 0.0
680, 7, 8, 10, 0.6046024999999999, 0.0
681, 7, 9, 1, 0.6004185, 0.0
682, 7, 9, 2, 0.6046025, 0.0
683, 7, 9, 3, 0.6129709999999999, 0.0
684, 7, 9, 4, 0.6056485, 0.0
685, 7, 9, 5, 0.616109, 0.0
686, 7, 9, 6, 0.6056485, 0.0
687, 7, 9, 7, 0.5972805, 0.0
688, 7, 9, 8, 0.617155, 0.0
689, 7, 9, 9, 0.5972805, 0.0
690, 7, 9, 10, 0.5941425, 0.0
691, 7, 10, 1, 0.6150625000000001, 0.0
692, 7, 10, 2, 0.616109, 0.0
693, 7, 10, 3, 0.6025105, 0.0
694, 7, 10, 4, 0.5993725000000001, 0.0
695, 7, 10, 5, 0.6129705, 0.0
696, 7, 10, 6, 0.6046024999999999, 0.0
697, 7, 10, 7, 0.6014645000000001, 0.0
698, 7, 10, 8, 0.6129705000000001, 0.0
699, 7, 10, 9, 0.614017, 0.0
700, 7, 10, 10, 0.6025105, 0.0
701, 8, 1, 1, 0.6142555000000001, 0.0
702, 8, 1, 2, 0.6268345, 0.0
703, 8, 1, 3, 0.628931, 0.0
704, 8, 1, 4, 0.6226415000000001, 0.0
705, 8, 1, 5, 0.6236895, 0.0
706, 8, 1, 6, 0.618449, 0.0
707, 8, 1, 7, 0.616352, 0.0
708, 8, 1, 8, 0.624738, 0.0
709, 8, 1, 9, 0.619497, 0.0
710, 8, 1, 10, 0.625786, 0.0
711, 8, 2, 1, 0.6174005, 0.0
712, 8, 2, 2, 0.63522, 0.0
713, 8, 2, 3, 0.6205455, 0.0
714, 8, 2, 4, 0.625786, 0.0
715, 8, 2, 5, 0.612159, 0.0
716, 8, 2, 6, 0.6236900000000001, 0.0
717, 8, 2, 7, 0.620545, 0.0
718, 8, 2, 8, 0.6362685, 0.0
719, 8, 2, 9, 0.6215935, 0.0
720, 8, 2, 10, 0.6310275000000001, 0.0
721, 8, 3, 1, 0.610063, 0.0
722, 8, 3, 2, 0.625786, 0.0
723, 8, 3, 3, 0.6362685, 0.0
724, 8, 3, 4, 0.628931, 0.0
725, 8, 3, 5, 0.616352, 0.0
726, 8, 3, 6, 0.6310275000000001, 0.0
727, 8, 3, 7, 0.6226415000000001, 0.0
728, 8, 3, 8, 0.6415095, 0.0
729, 8, 3, 9, 0.6174005, 0.0
730, 8, 3, 10, 0.6184485, 0.0
731, 8, 4, 1, 0.6268345, 0.0
732, 8, 4, 2, 0.6215935, 0.0
733, 8, 4, 3, 0.6268345, 0.0
734, 8, 4, 4, 0.6236895, 0.0
735, 8, 4, 5, 0.626834, 0.0
736, 8, 4, 6, 0.6236900000000001, 0.0
737, 8, 4, 7, 0.6226415000000001, 0.0
738, 8, 4, 8, 0.622642, 0.0
739, 8, 4, 9, 0.616352, 0.0
740, 8, 4, 10, 0.627883, 0.0
741, 8, 5, 1, 0.634172, 0.0
742, 8, 5, 2, 0.6205455, 0.0
743, 8, 5, 3, 0.6174005, 0.0
744, 8, 5, 4, 0.6331235, 0.0
745, 8, 5, 5, 0.6194965, 0.0
746, 8, 5, 6, 0.6278825, 0.0
747, 8, 5, 7, 0.620545, 0.0
748, 8, 5, 8, 0.631027, 0.0
749, 8, 5, 9, 0.6184485, 0.0
750, 8, 5, 10, 0.6163525000000001, 0.0
751, 8, 6, 1, 0.616352, 0.0
752, 8, 6, 2, 0.6215930000000001, 0.0
753, 8, 6, 3, 0.6310275000000001, 0.0
754, 8, 6, 4, 0.6132075, 0.0
755, 8, 6, 5, 0.6226415000000001, 0.0
756, 8, 6, 6, 0.6299790000000001, 0.0
757, 8, 6, 7, 0.616352, 0.0
758, 8, 6, 8, 0.6299790000000001, 0.0
759, 8, 6, 9, 0.610063, 0.0
760, 8, 6, 10, 0.639413, 0.0
761, 8, 7, 1, 0.619497, 0.0
762, 8, 7, 2, 0.6121595, 0.0
763, 8, 7, 3, 0.625786, 0.0
764, 8, 7, 4, 0.6226415000000001, 0.0
765, 8, 7, 5, 0.6184485, 0.0
766, 8, 7, 6, 0.6153040000000001, 0.0
767, 8, 7, 7, 0.6226415000000001, 0.0
768, 8, 7, 8, 0.6215935, 0.0
769, 8, 7, 9, 0.6236900000000001, 0.0
770, 8, 7, 10, 0.6236900000000001, 0.0
771, 8, 8, 1, 0.640461, 0.0
772, 8, 8, 2, 0.6142555000000001, 0.0
773, 8, 8, 3, 0.6236900000000001, 0.0
774, 8, 8, 4, 0.6174005, 0.0
775, 8, 8, 5, 0.634172, 0.0
776, 8, 8, 6, 0.6268345, 0.0
777, 8, 8, 7, 0.6132075, 0.0
778, 8, 8, 8, 0.6299795, 0.0
779, 8, 8, 9, 0.6226415000000001, 0.0
780, 8, 8, 10, 0.6383650000000001, 0.0
781, 8, 9, 1, 0.6174005, 0.0
782, 8, 9, 2, 0.639413, 0.0
783, 8, 9, 3, 0.6132075, 0.0
784, 8, 9, 4, 0.6132075, 0.0
785, 8, 9, 5, 0.619497, 0.0
786, 8, 9, 6, 0.6226415000000001, 0.0
787, 8, 9, 7, 0.611111, 0.0
788, 8, 9, 8, 0.6299790000000001, 0.0
789, 8, 9, 9, 0.624738, 0.0
790, 8, 9, 10, 0.6226415000000001, 0.0
791, 8, 10, 1, 0.6299790000000001, 0.0
792, 8, 10, 2, 0.619497, 0.0
793, 8, 10, 3, 0.6226415000000001, 0.0
794, 8, 10, 4, 0.6184485, 0.0
795, 8, 10, 5, 0.6226415000000001, 0.0
796, 8, 10, 6, 0.610063, 0.0
797, 8, 10, 7, 0.6142555000000001, 0.0
798, 8, 10, 8, 0.6153040000000001, 0.0
799, 8, 10, 9, 0.6132075, 0.0
800, 8, 10, 10, 0.6226415000000001, 0.0
801, 9, 1, 1, 0.6236895, 0.0
802, 9, 1, 2, 0.6236900000000001, 0.0
803, 9, 1, 3, 0.6268345, 0.0
804, 9, 1, 4, 0.619497, 0.0
805, 9, 1, 5, 0.620545, 0.0
806, 9, 1, 6, 0.6352205, 0.0
807, 9, 1, 7, 0.6142555000000001, 0.0
808, 9, 1, 8, 0.6153040000000001, 0.0
809, 9, 1, 9, 0.625786, 0.0
810, 9, 1, 10, 0.6352205, 0.0
811, 9, 2, 1, 0.624738, 0.0
812, 9, 2, 2, 0.6215935, 0.0
813, 9, 2, 3, 0.631027, 0.0
814, 9, 2, 4, 0.6320755, 0.0
815, 9, 2, 5, 0.6310275000000001, 0.0
816, 9, 2, 6, 0.6174005, 0.0
817, 9, 2, 7, 0.620545, 0.0
818, 9, 2, 8, 0.619497, 0.0
819, 9, 2, 9, 0.626834, 0.0
820, 9, 2, 10, 0.6215930000000001, 0.0
821, 9, 3, 1, 0.628931, 0.0
822, 9, 3, 2, 0.6236900000000001, 0.0
823, 9, 3, 3, 0.624738, 0.0
824, 9, 3, 4, 0.618449, 0.0
825, 9, 3, 5, 0.6215935, 0.0
826, 9, 3, 6, 0.6205455, 0.0
827, 9, 3, 7, 0.620545, 0.0
828, 9, 3, 8, 0.6163525000000001, 0.0
829, 9, 3, 9, 0.6289305000000001, 0.0
830, 9, 3, 10, 0.6215935, 0.0
831, 9, 4, 1, 0.6236895, 0.0
832, 9, 4, 2, 0.628931, 0.0
833, 9, 4, 3, 0.624738, 0.0
834, 9, 4, 4, 0.6373165000000001, 0.0
835, 9, 4, 5, 0.619497, 0.0
836, 9, 4, 6, 0.628931, 0.0
837, 9, 4, 7, 0.624738, 0.0
838, 9, 4, 8, 0.6215935, 0.0
839, 9, 4, 9, 0.631027, 0.0
840, 9, 4, 10, 0.6415095, 0.0
841, 9, 5, 1, 0.6383650000000001, 0.0
842, 9, 5, 2, 0.6268345, 0.0
843, 9, 5, 3, 0.619497, 0.0
844, 9, 5, 4, 0.6111115, 0.0
845, 9, 5, 5, 0.6257865, 0.0
846, 9, 5, 6, 0.627883, 0.0
847, 9, 5, 7, 0.6299790000000001, 0.0
848, 9, 5, 8, 0.6268345, 0.0
849, 9, 5, 9, 0.6132075, 0.0
850, 9, 5, 10, 0.628931, 0.0
851, 9, 6, 1, 0.6268345, 0.0
852, 9, 6, 2, 0.619497, 0.0
853, 9, 6, 3, 0.6153040000000001, 0.0
854, 9, 6, 4, 0.6215935, 0.0
855, 9, 6, 5, 0.6257865, 0.0
856, 9, 6, 6, 0.627883, 0.0
857, 9, 6, 7, 0.6236895, 0.0
858, 9, 6, 8, 0.6257865, 0.0
859, 9, 6, 9, 0.6320755, 0.0
860, 9, 6, 10, 0.6184485, 0.0
861, 9, 7, 1, 0.6226415000000001, 0.0
862, 9, 7, 2, 0.6299790000000001, 0.0
863, 9, 7, 3, 0.6236895, 0.0
864, 9, 7, 4, 0.634172, 0.0
865, 9, 7, 5, 0.6404615, 0.0
866, 9, 7, 6, 0.6278825, 0.0
867, 9, 7, 7, 0.6278825, 0.0
868, 9, 7, 8, 0.6299790000000001, 0.0
869, 9, 7, 9, 0.6194965, 0.0
870, 9, 7, 10, 0.6257865, 0.0
871, 9, 8, 1, 0.6299795, 0.0
872, 9, 8, 2, 0.6268345, 0.0
873, 9, 8, 3, 0.6184485, 0.0
874, 9, 8, 4, 0.604822, 0.0
875, 9, 8, 5, 0.6299790000000001, 0.0
876, 9, 8, 6, 0.634172, 0.0
877, 9, 8, 7, 0.6268345, 0.0
878, 9, 8, 8, 0.6111115, 0.0
879, 9, 8, 9, 0.6215930000000001, 0.0
880, 9, 8, 10, 0.6310275000000001, 0.0
881, 9, 9, 1, 0.6268345, 0.0
882, 9, 9, 2, 0.6268345, 0.0
883, 9, 9, 3, 0.6226415000000001, 0.0
884, 9, 9, 4, 0.6268345, 0.0
885, 9, 9, 5, 0.6226415000000001, 0.0
886, 9, 9, 6, 0.6268345, 0.0
887, 9, 9, 7, 0.6215930000000001, 0.0
888, 9, 9, 8, 0.6132075, 0.0
889, 9, 9, 9, 0.6247375, 0.0
890, 9, 9, 10, 0.613208, 0.0
891, 9, 10, 1, 0.6163525000000001, 0.0
892, 9, 10, 2, 0.614256, 0.0
893, 9, 10, 3, 0.620545, 0.0
894, 9, 10, 4, 0.6310275000000001, 0.0
895, 9, 10, 5, 0.6184485, 0.0
896, 9, 10, 6, 0.6299795, 0.0
897, 9, 10, 7, 0.628931, 0.0
898, 9, 10, 8, 0.624738, 0.0
899, 9, 10, 9, 0.6320755, 0.0
900, 9, 10, 10, 0.628931, 0.0
901, 10, 1, 1, 0.6294735, 0.0
902, 10, 1, 2, 0.6515789999999999, 0.0
903, 10, 1, 3, 0.629474, 0.0
904, 10, 1, 4, 0.634737, 0.0
905, 10, 1, 5, 0.6421055, 0.0
906, 10, 1, 6, 0.631579, 0.0
907, 10, 1, 7, 0.6273685, 0.0
908, 10, 1, 8, 0.6399999999999999, 0.0
909, 10, 1, 9, 0.6326315, 0.0
910, 10, 1, 10, 0.6326315, 0.0
911, 10, 2, 1, 0.6389469999999999, 0.0
912, 10, 2, 2, 0.632632, 0.0
913, 10, 2, 3, 0.637895, 0.0
914, 10, 2, 4, 0.637895, 0.0
915, 10, 2, 5, 0.6305265, 0.0
916, 10, 2, 6, 0.632632, 0.0
917, 10, 2, 7, 0.6294735, 0.0
918, 10, 2, 8, 0.6336845, 0.0
919, 10, 2, 9, 0.648421, 0.0
920, 10, 2, 10, 0.6357895, 0.0
921, 10, 3, 1, 0.6378945, 0.0
922, 10, 3, 2, 0.6442105, 0.0
923, 10, 3, 3, 0.6305265, 0.0
924, 10, 3, 4, 0.631579, 0.0
925, 10, 3, 5, 0.6431579999999999, 0.0
926, 10, 3, 6, 0.6421055, 0.0
927, 10, 3, 7, 0.645263, 0.0
928, 10, 3, 8, 0.6221055, 0.0
929, 10, 3, 9, 0.636842, 0.0
930, 10, 3, 10, 0.645263, 0.0
931, 10, 4, 1, 0.631579, 0.0
932, 10, 4, 2, 0.6305265, 0.0
933, 10, 4, 3, 0.6442105, 0.0
934, 10, 4, 4, 0.6410525, 0.0
935, 10, 4, 5, 0.626316, 0.0
936, 10, 4, 6, 0.631579, 0.0
937, 10, 4, 7, 0.6294735, 0.0
938, 10, 4, 8, 0.6421055, 0.0
939, 10, 4, 9, 0.630526, 0.0
940, 10, 4, 10, 0.6231575, 0.0
941, 10, 5, 1, 0.6378945, 0.0
942, 10, 5, 2, 0.6336845, 0.0
943, 10, 5, 3, 0.6431579999999999, 0.0
944, 10, 5, 4, 0.629474, 0.0
945, 10, 5, 5, 0.6421055, 0.0
946, 10, 5, 6, 0.6410525, 0.0
947, 10, 5, 7, 0.631579, 0.0
948, 10, 5, 8, 0.6252635, 0.0
949, 10, 5, 9, 0.6294735, 0.0
950, 10, 5, 10, 0.6347365, 0.0
951, 10, 6, 1, 0.64, 0.0
952, 10, 6, 2, 0.6399999999999999, 0.0
953, 10, 6, 3, 0.6336845, 0.0
954, 10, 6, 4, 0.6421055, 0.0
955, 10, 6, 5, 0.6336845, 0.0
956, 10, 6, 6, 0.634737, 0.0
957, 10, 6, 7, 0.6378945, 0.0
958, 10, 6, 8, 0.6252635, 0.0
959, 10, 6, 9, 0.6263155, 0.0
960, 10, 6, 10, 0.628421, 0.0
961, 10, 7, 1, 0.6421049999999999, 0.0
962, 10, 7, 2, 0.6421055, 0.0
963, 10, 7, 3, 0.6284215, 0.0
964, 10, 7, 4, 0.646316, 0.0
965, 10, 7, 5, 0.6421055, 0.0
966, 10, 7, 6, 0.6452629999999999, 0.0
967, 10, 7, 7, 0.6389469999999999, 0.0
968, 10, 7, 8, 0.6252635, 0.0
969, 10, 7, 9, 0.636842, 0.0
970, 10, 7, 10, 0.6410525, 0.0
971, 10, 8, 1, 0.622105, 0.0
972, 10, 8, 2, 0.6421055, 0.0
973, 10, 8, 3, 0.6421055, 0.0
974, 10, 8, 4, 0.6357895, 0.0
975, 10, 8, 5, 0.6336845, 0.0
976, 10, 8, 6, 0.6410525, 0.0
977, 10, 8, 7, 0.6242105, 0.0
978, 10, 8, 8, 0.6336845, 0.0
979, 10, 8, 9, 0.625263, 0.0
980, 10, 8, 10, 0.631579, 0.0
981, 10, 9, 1, 0.6473685, 0.0
982, 10, 9, 2, 0.6399999999999999, 0.0
983, 10, 9, 3, 0.6442105, 0.0
984, 10, 9, 4, 0.6473685, 0.0
985, 10, 9, 5, 0.634737, 0.0
986, 10, 9, 6, 0.6221055, 0.0
987, 10, 9, 7, 0.64, 0.0
988, 10, 9, 8, 0.6421055, 0.0
989, 10, 9, 9, 0.6410525, 0.0
990, 10, 9, 10, 0.6505259999999999, 0.0
991, 10, 10, 1, 0.631579, 0.0
992, 10, 10, 2, 0.6336845, 0.0
993, 10, 10, 3, 0.6389475, 0.0
994, 10, 10, 4, 0.6326315, 0.0
995, 10, 10, 5, 0.626316, 0.0
996, 10, 10, 6, 0.634737, 0.0
997, 10, 10, 7, 0.630526, 0.0
998, 10, 10, 8, 0.6389475, 0.0
999, 10, 10, 9, 0.6178945, 0.0
1000, 10, 10, 10, 0.630526, 0.0
