1, 1, 1, 0.1, 0.442708, 1.0
2, 1, 1, 0.01, 0.4197915, 0.5
3, 1, 1, 0.001, 0.427083, 0.5
4, 1, 1, 0.0001, 0.44375, 0.0
5, 1, 2, 0.1, 0.41874999999999996, 0.0
6, 1, 2, 0.01, 0.4135415, 0.5
7, 1, 2, 0.001, 0.4302085, 1.0
8, 1, 2, 0.0001, 0.44999999999999996, 0.0
9, 1, 3, 0.1, 0.385417, 0.0
10, 1, 3, 0.01, 0.3927085, 0.5
11, 1, 3, 0.001, 0.421875, 0.5
12, 1, 3, 0.0001, 0.4604165, 0.0
13, 1, 4, 0.1, 0.3822915, 1.0
14, 1, 4, 0.01, 0.37083299999999997, 0.5
15, 1, 4, 0.001, 0.3885415, 0.5
16, 1, 4, 0.0001, 0.44479199999999997, 0.5
17, 1, 5, 0.1, 0.35520799999999997, 0.0
18, 1, 5, 0.01, 0.35, 1.0
19, 1, 5, 0.001, 0.3645835, 1.0
20, 1, 5, 0.0001, 0.434375, 0.5
21, 1, 6, 0.1, 0.32916650000000003, 0.5
22, 1, 6, 0.01, 0.34062499999999996, 1.5
23, 1, 6, 0.001, 0.36770800000000003, 0.0
24, 1, 6, 0.0001, 0.435417, 1.0
25, 1, 7, 0.1, 0.3354165, 1.5
26, 1, 7, 0.01, 0.3145835, 0.0
27, 1, 7, 0.001, 0.35625, 0.5
28, 1, 7, 0.0001, 0.43854150000000003, 1.5
29, 1, 8, 0.1, 0.3260415, 1.5
30, 1, 8, 0.01, 0.3072915, 2.0
31, 1, 8, 0.001, 0.334375, 0.5
32, 1, 8, 0.0001, 0.44895850000000004, 1.0
33, 1, 9, 0.1, 0.3145835, 1.0
34, 1, 9, 0.01, 0.3125, 1.0
35, 1, 9, 0.001, 0.321875, 0.0
36, 1, 9, 0.0001, 0.441667, 0.5
37, 1, 10, 0.1, 0.2989585, 1.0
38, 1, 10, 0.01, 0.3083335, 1.5
39, 1, 10, 0.001, 0.31354150000000003, 1.5
40, 1, 10, 0.0001, 0.4604165, 0.5
41, 2, 1, 0.1, 0.3979165, 1.0
42, 2, 1, 0.01, 0.4260415, 1.5
43, 2, 1, 0.001, 0.4479165, 1.0
44, 2, 1, 0.0001, 0.467708, 2.0
45, 2, 2, 0.1, 0.34687500000000004, 1.0
46, 2, 2, 0.01, 0.3416665, 1.0
47, 2, 2, 0.001, 0.3989585, 1.5
48, 2, 2, 0.0001, 0.47812499999999997, 1.0
49, 2, 3, 0.1, 0.30625, 2.0
50, 2, 3, 0.01, 0.3104165, 2.0
51, 2, 3, 0.001, 0.372917, 1.0
52, 2, 3, 0.0001, 0.4760415, 1.0
53, 2, 4, 0.1, 0.302083, 1.0
54, 2, 4, 0.01, 0.3010415, 0.5
55, 2, 4, 0.001, 0.309375, 1.0
56, 2, 4, 0.0001, 0.48020850000000004, 1.0
57, 2, 5, 0.1, 0.2854165, 0.5
58, 2, 5, 0.01, 0.284375, 0.5
59, 2, 5, 0.001, 0.308333, 1.0
60, 2, 5, 0.0001, 0.48333349999999997, 1.0
61, 2, 6, 0.1, 0.2708335, 1.0
62, 2, 6, 0.01, 0.278125, 1.0
63, 2, 6, 0.001, 0.3020835, 1.5
64, 2, 6, 0.0001, 0.465625, 1.0
65, 2, 7, 0.1, 0.26458349999999997, 1.0
66, 2, 7, 0.01, 0.25, 1.0
67, 2, 7, 0.001, 0.28958300000000003, 0.5
68, 2, 7, 0.0001, 0.4760415, 1.0
69, 2, 8, 0.1, 0.2458335, 1.0
70, 2, 8, 0.01, 0.24895849999999997, 1.5
71, 2, 8, 0.001, 0.2833335, 1.0
72, 2, 8, 0.0001, 0.47916650000000005, 2.0
73, 2, 9, 0.1, 0.26875, 0.5
74, 2, 9, 0.01, 0.265625, 0.5
75, 2, 9, 0.001, 0.271875, 1.5
76, 2, 9, 0.0001, 0.46979150000000003, 1.0
77, 2, 10, 0.1, 0.25625, 0.5
78, 2, 10, 0.01, 0.253125, 0.5
79, 2, 10, 0.001, 0.2760415, 1.0
80, 2, 10, 0.0001, 0.475, 1.0
81, 3, 1, 0.1, 0.340625, 0.5
82, 3, 1, 0.01, 0.34479150000000003, 0.5
83, 3, 1, 0.001, 0.46875, 1.5
84, 3, 1, 0.0001, 0.4947915, 0.0
85, 3, 2, 0.1, 0.309375, 0.5
86, 3, 2, 0.01, 0.30625, 0.5
87, 3, 2, 0.001, 0.3958335, 0.5
88, 3, 2, 0.0001, 0.5072920000000001, 0.0
89, 3, 3, 0.1, 0.29375, 1.0
90, 3, 3, 0.01, 0.291667, 0.5
91, 3, 3, 0.001, 0.336458, 1.0
92, 3, 3, 0.0001, 0.5083329999999999, 0.0
93, 3, 4, 0.1, 0.2833335, 0.5
94, 3, 4, 0.01, 0.28229150000000003, 0.5
95, 3, 4, 0.001, 0.309375, 0.5
96, 3, 4, 0.0001, 0.503125, 0.0
97, 3, 5, 0.1, 0.2697915, 0.5
98, 3, 5, 0.01, 0.261458, 0.5
99, 3, 5, 0.001, 0.3052085, 1.0
100, 3, 5, 0.0001, 0.5125, 0.0
101, 3, 6, 0.1, 0.271875, 0.5
102, 3, 6, 0.01, 0.282292, 1.0
103, 3, 6, 0.001, 0.2979165, 0.5
104, 3, 6, 0.0001, 0.5052085, 0.0
105, 3, 7, 0.1, 0.278125, 1.0
106, 3, 7, 0.01, 0.275, 1.0
107, 3, 7, 0.001, 0.3020835, 1.0
108, 3, 7, 0.0001, 0.4895835, 0.0
109, 3, 8, 0.1, 0.2625, 1.0
110, 3, 8, 0.01, 0.259375, 1.0
111, 3, 8, 0.001, 0.278125, 1.0
112, 3, 8, 0.0001, 0.5177085, 0.0
113, 3, 9, 0.1, 0.271875, 0.5
114, 3, 9, 0.01, 0.265625, 1.0
115, 3, 9, 0.001, 0.26875, 1.0
116, 3, 9, 0.0001, 0.535417, 0.0
117, 3, 10, 0.1, 0.265625, 1.0
118, 3, 10, 0.01, 0.259375, 1.0
119, 3, 10, 0.001, 0.278125, 1.0
120, 3, 10, 0.0001, 0.509375, 0.0
121, 4, 1, 0.1, 0.31666700000000003, 0.5
122, 4, 1, 0.01, 0.325, 0.5
123, 4, 1, 0.001, 0.4635415, 0.5
124, 4, 1, 0.0001, 0.54375, 0.0
125, 4, 2, 0.1, 0.296875, 0.5
126, 4, 2, 0.01, 0.31145849999999997, 1.0
127, 4, 2, 0.001, 0.3958335, 1.0
128, 4, 2, 0.0001, 0.534375, 0.0
129, 4, 3, 0.1, 0.29583349999999997, 1.0
130, 4, 3, 0.01, 0.290625, 1.0
131, 4, 3, 0.001, 0.348958, 0.5
132, 4, 3, 0.0001, 0.5322914999999999, 0.0
133, 4, 4, 0.1, 0.292708, 0.5
134, 4, 4, 0.01, 0.2635415, 1.0
135, 4, 4, 0.001, 0.3208335, 1.0
136, 4, 4, 0.0001, 0.5416665, 0.0
137, 4, 5, 0.1, 0.270833, 0.5
138, 4, 5, 0.01, 0.273958, 1.0
139, 4, 5, 0.001, 0.2864585, 1.0
140, 4, 5, 0.0001, 0.5354165, 0.0
141, 4, 6, 0.1, 0.26875, 1.0
142, 4, 6, 0.01, 0.2791665, 1.0
143, 4, 6, 0.001, 0.2947915, 1.0
144, 4, 6, 0.0001, 0.55, 0.0
145, 4, 7, 0.1, 0.25833300000000003, 1.0
146, 4, 7, 0.01, 0.25625, 1.0
147, 4, 7, 0.001, 0.288542, 1.0
148, 4, 7, 0.0001, 0.5322914999999999, 0.0
149, 4, 8, 0.1, 0.244792, 1.0
150, 4, 8, 0.01, 0.2552085, 1.0
151, 4, 8, 0.001, 0.296875, 1.0
152, 4, 8, 0.0001, 0.5458335000000001, 0.0
153, 4, 9, 0.1, 0.2510415, 1.0
154, 4, 9, 0.01, 0.255208, 1.0
155, 4, 9, 0.001, 0.3125, 1.0
156, 4, 9, 0.0001, 0.5375000000000001, 0.0
157, 4, 10, 0.1, 0.24583349999999998, 1.0
158, 4, 10, 0.01, 0.252083, 1.0
159, 4, 10, 0.001, 0.28541649999999996, 1.0
160, 4, 10, 0.0001, 0.528125, 1.0
161, 5, 1, 0.1, 0.34551149999999997, 0.5
162, 5, 1, 0.01, 0.32254700000000003, 0.5
163, 5, 1, 0.001, 0.474948, 0.5
164, 5, 1, 0.0001, 0.546973, 0.0
165, 5, 2, 0.1, 0.31523999999999996, 1.0
166, 5, 2, 0.01, 0.330898, 0.5
167, 5, 2, 0.001, 0.401879, 0.5
168, 5, 2, 0.0001, 0.5501045, 0.0
169, 5, 3, 0.1, 0.3141965, 0.5
170, 5, 3, 0.01, 0.2995825, 0.5
171, 5, 3, 0.001, 0.354906, 0.5
172, 5, 3, 0.0001, 0.54071, 0.0
173, 5, 4, 0.1, 0.2933195, 1.0
174, 5, 4, 0.01, 0.2964505, 0.5
175, 5, 4, 0.001, 0.334029, 1.0
176, 5, 4, 0.0001, 0.5334030000000001, 0.0
177, 5, 5, 0.1, 0.282881, 0.5
178, 5, 5, 0.01, 0.281837, 0.5
179, 5, 5, 0.001, 0.317328, 1.0
180, 5, 5, 0.0001, 0.5417535, 0.0
181, 5, 6, 0.1, 0.2734865, 1.0
182, 5, 6, 0.01, 0.27348649999999997, 1.0
183, 5, 6, 0.001, 0.295407, 1.0
184, 5, 6, 0.0001, 0.5375785, 0.0
185, 5, 7, 0.1, 0.27244250000000003, 1.0
186, 5, 7, 0.01, 0.28079350000000003, 1.0
187, 5, 7, 0.001, 0.312109, 1.0
188, 5, 7, 0.0001, 0.566806, 0.0
189, 5, 8, 0.1, 0.270355, 1.0
190, 5, 8, 0.01, 0.28496900000000003, 1.0
191, 5, 8, 0.001, 0.31210899999999997, 1.0
192, 5, 8, 0.0001, 0.526096, 0.0
193, 5, 9, 0.1, 0.283925, 1.0
194, 5, 9, 0.01, 0.263048, 1.0
195, 5, 9, 0.001, 0.3235905, 1.0
196, 5, 9, 0.0001, 0.5553235, 0.0
197, 5, 10, 0.1, 0.2682675, 1.0
198, 5, 10, 0.01, 0.27244250000000003, 1.0
199, 5, 10, 0.001, 0.302714, 1.0
200, 5, 10, 0.0001, 0.5563675, 0.0
201, 6, 1, 0.1, 0.3194155, 0.5
202, 6, 1, 0.01, 0.327766, 0.5
203, 6, 1, 0.001, 0.4665975, 0.5
204, 6, 1, 0.0001, 0.5772444999999999, 0.0
205, 6, 2, 0.1, 0.2901875, 0.5
206, 6, 2, 0.01, 0.3058455, 0.5
207, 6, 2, 0.001, 0.3778705, 0.5
208, 6, 2, 0.0001, 0.5699375, 0.0
209, 6, 3, 0.1, 0.2870565, 1.0
210, 6, 3, 0.01, 0.2860125, 1.0
211, 6, 3, 0.001, 0.34968699999999997, 0.5
212, 6, 3, 0.0001, 0.5824635, 0.0
213, 6, 4, 0.1, 0.280793, 1.0
214, 6, 4, 0.01, 0.264092, 1.0
215, 6, 4, 0.001, 0.32881, 0.5
216, 6, 4, 0.0001, 0.573069, 0.0
217, 6, 5, 0.1, 0.2599165, 0.5
218, 6, 5, 0.01, 0.2713985, 1.0
219, 6, 5, 0.001, 0.310021, 0.5
220, 6, 5, 0.0001, 0.5709815, 0.0
221, 6, 6, 0.1, 0.268267, 1.0
222, 6, 6, 0.01, 0.275574, 1.0
223, 6, 6, 0.001, 0.327766, 1.0
224, 6, 6, 0.0001, 0.565762, 0.0
225, 6, 7, 0.1, 0.2578285, 1.0
226, 6, 7, 0.01, 0.2922755, 1.0
227, 6, 7, 0.001, 0.31523999999999996, 1.0
228, 6, 7, 0.0001, 0.5741125, 0.0
229, 6, 8, 0.1, 0.2599165, 1.0
230, 6, 8, 0.01, 0.2881005, 1.0
231, 6, 8, 0.001, 0.3194155, 1.0
232, 6, 8, 0.0001, 0.563674, 0.0
233, 6, 9, 0.1, 0.270355, 1.0
234, 6, 9, 0.01, 0.2599165, 0.5
235, 6, 9, 0.001, 0.318372, 1.0
236, 6, 9, 0.0001, 0.564718, 0.0
237, 6, 10, 0.1, 0.263048, 1.0
238, 6, 10, 0.01, 0.26826700000000003, 1.0
239, 6, 10, 0.001, 0.307933, 1.0
240, 6, 10, 0.0001, 0.5699375, 0.0
241, 7, 1, 0.1, 0.324268, 0.5
242, 7, 1, 0.01, 0.319038, 0.5
243, 7, 1, 0.001, 0.4916315, 0.0
244, 7, 1, 0.0001, 0.6098325, 0.0
245, 7, 2, 0.1, 0.309623, 0.5
246, 7, 2, 0.01, 0.298117, 0.5
247, 7, 2, 0.001, 0.4299165, 0.5
248, 7, 2, 0.0001, 0.6108785000000001, 0.0
249, 7, 3, 0.1, 0.257322, 0.5
250, 7, 3, 0.01, 0.2771965, 0.5
251, 7, 3, 0.001, 0.369247, 0.5
252, 7, 3, 0.0001, 0.6004185, 0.0
253, 7, 4, 0.1, 0.2761505, 0.5
254, 7, 4, 0.01, 0.2719665, 0.5
255, 7, 4, 0.001, 0.3399585, 0.5
256, 7, 4, 0.0001, 0.6066945, 0.0
257, 7, 5, 0.1, 0.280335, 0.5
258, 7, 5, 0.01, 0.26778250000000003, 0.5
259, 7, 5, 0.001, 0.3305435, 1.0
260, 7, 5, 0.0001, 0.6077405, 0.0
261, 7, 6, 0.1, 0.2771965, 1.0
262, 7, 6, 0.01, 0.2730125, 0.5
263, 7, 6, 0.001, 0.35460250000000004, 1.0
264, 7, 6, 0.0001, 0.6066945, 0.0
265, 7, 7, 0.1, 0.2667365, 1.0
266, 7, 7, 0.01, 0.2887025, 1.0
267, 7, 7, 0.001, 0.32008349999999997, 0.5
268, 7, 7, 0.0001, 0.6150629999999999, 0.0
269, 7, 8, 0.1, 0.2646445, 1.0
270, 7, 8, 0.01, 0.2677825, 1.0
271, 7, 8, 0.001, 0.337866, 0.5
272, 7, 8, 0.0001, 0.6025105, 0.0
273, 7, 9, 0.1, 0.2730125, 1.0
274, 7, 9, 0.01, 0.279289, 1.0
275, 7, 9, 0.001, 0.316946, 1.0
276, 7, 9, 0.0001, 0.617155, 0.0
277, 7, 10, 0.1, 0.2458155, 1.0
278, 7, 10, 0.01, 0.2656905, 1.0
279, 7, 10, 0.001, 0.3179915, 0.5
280, 7, 10, 0.0001, 0.6046024999999999, 0.0
281, 8, 1, 0.1, 0.33333349999999995, 0.5
282, 8, 1, 0.01, 0.33543, 0.5
283, 8, 1, 0.001, 0.5157235, 0.5
284, 8, 1, 0.0001, 0.640461, 0.0
285, 8, 2, 0.1, 0.302935, 0.5
286, 8, 2, 0.01, 0.301887, 0.5
287, 8, 2, 0.001, 0.437107, 0.5
288, 8, 2, 0.0001, 0.6142555000000001, 0.0
289, 8, 3, 0.1, 0.2756815, 0.5
290, 8, 3, 0.01, 0.2767295, 0.5
291, 8, 3, 0.001, 0.417191, 0.5
292, 8, 3, 0.0001, 0.6236900000000001, 0.0
293, 8, 4, 0.1, 0.280922, 0.5
294, 8, 4, 0.01, 0.26205449999999997, 0.5
295, 8, 4, 0.001, 0.38469600000000004, 0.5
296, 8, 4, 0.0001, 0.6174005, 0.0
297, 8, 5, 0.1, 0.2756815, 0.5
298, 8, 5, 0.01, 0.26519899999999996, 0.5
299, 8, 5, 0.001, 0.37840700000000005, 0.5
300, 8, 5, 0.0001, 0.634172, 0.0
301, 8, 6, 0.1, 0.2421385, 0.5
302, 8, 6, 0.01, 0.264151, 0.5
303, 8, 6, 0.001, 0.3532495, 1.0
304, 8, 6, 0.0001, 0.6268345, 0.0
305, 8, 7, 0.1, 0.25891, 1.0
306, 8, 7, 0.01, 0.259958, 1.0
307, 8, 7, 0.001, 0.356394, 1.0
308, 8, 7, 0.0001, 0.6132075, 0.0
309, 8, 8, 0.1, 0.250524, 1.0
310, 8, 8, 0.01, 0.255765, 1.0
311, 8, 8, 0.001, 0.36687650000000005, 1.0
312, 8, 8, 0.0001, 0.6299795, 0.0
313, 8, 9, 0.1, 0.25891, 1.0
314, 8, 9, 0.01, 0.256813, 1.0
315, 8, 9, 0.001, 0.354298, 1.0
316, 8, 9, 0.0001, 0.6226415000000001, 0.0
317, 8, 10, 0.1, 0.27253649999999996, 1.0
318, 8, 10, 0.01, 0.2809225, 1.0
319, 8, 10, 0.001, 0.34800849999999994, 1.0
320, 8, 10, 0.0001, 0.6383650000000001, 0.0
321, 9, 1, 0.1, 0.3134175, 0.5
322, 9, 1, 0.01, 0.3249475, 0.5
323, 9, 1, 0.001, 0.48322850000000006, 0.0
324, 9, 1, 0.0001, 0.6299795, 0.0
325, 9, 2, 0.1, 0.308176, 0.5
326, 9, 2, 0.01, 0.298742, 0.5
327, 9, 2, 0.001, 0.4213835, 0.5
328, 9, 2, 0.0001, 0.6268345, 0.0
329, 9, 3, 0.1, 0.2819705, 0.5
330, 9, 3, 0.01, 0.2914045, 0.5
331, 9, 3, 0.001, 0.3679245, 0.5
332, 9, 3, 0.0001, 0.6184485, 0.0
333, 9, 4, 0.1, 0.2756815, 0.5
334, 9, 4, 0.01, 0.28197099999999997, 0.5
335, 9, 4, 0.001, 0.35534550000000004, 0.5
336, 9, 4, 0.0001, 0.604822, 0.0
337, 9, 5, 0.1, 0.259958, 0.5
338, 9, 5, 0.01, 0.27358499999999997, 0.5
339, 9, 5, 0.001, 0.36163500000000004, 0.5
340, 9, 5, 0.0001, 0.6299790000000001, 0.0
341, 9, 6, 0.1, 0.264151, 0.5
342, 9, 6, 0.01, 0.263103, 0.5
343, 9, 6, 0.001, 0.3249475, 0.5
344, 9, 6, 0.0001, 0.634172, 0.0
345, 9, 7, 0.1, 0.2557655, 0.5
346, 9, 7, 0.01, 0.266247, 0.5
347, 9, 7, 0.001, 0.325996, 0.5
348, 9, 7, 0.0001, 0.6268345, 0.0
349, 9, 8, 0.1, 0.2631025, 0.5
350, 9, 8, 0.01, 0.2704405, 0.5
351, 9, 8, 0.001, 0.337526, 0.5
352, 9, 8, 0.0001, 0.6111115, 0.0
353, 9, 9, 0.1, 0.26100599999999996, 0.5
354, 9, 9, 0.01, 0.25366849999999996, 0.5
355, 9, 9, 0.001, 0.35534550000000004, 0.5
356, 9, 9, 0.0001, 0.6215930000000001, 0.0
357, 9, 10, 0.1, 0.26100599999999996, 0.5
358, 9, 10, 0.01, 0.2672955, 0.5
359, 9, 10, 0.001, 0.3249475, 0.5
360, 9, 10, 0.0001, 0.6310275000000001, 0.0
361, 10, 1, 0.1, 0.35052649999999996, 0.5
362, 10, 1, 0.01, 0.353684, 0.5
363, 10, 1, 0.001, 0.5526314999999999, 0.0
364, 10, 1, 0.0001, 0.622105, 0.0
365, 10, 2, 0.1, 0.331579, 0.5
366, 10, 2, 0.01, 0.3294735, 0.5
367, 10, 2, 0.001, 0.461053, 0.0
368, 10, 2, 0.0001, 0.6421055, 0.0
369, 10, 3, 0.1, 0.3157895, 0.5
370, 10, 3, 0.01, 0.306316, 0.5
371, 10, 3, 0.001, 0.3989475, 0.5
372, 10, 3, 0.0001, 0.6421055, 0.0
373, 10, 4, 0.1, 0.2905265, 0.5
374, 10, 4, 0.01, 0.2968425, 0.5
375, 10, 4, 0.001, 0.426316, 0.0
376, 10, 4, 0.0001, 0.6357895, 0.0
377, 10, 5, 0.1, 0.2873685, 0.5
378, 10, 5, 0.01, 0.30631600000000003, 0.5
379, 10, 5, 0.001, 0.44, 0.5
380, 10, 5, 0.0001, 0.6336845, 0.0
381, 10, 6, 0.1, 0.2863155, 0.5
382, 10, 6, 0.01, 0.28842100000000004, 0.5
383, 10, 6, 0.001, 0.3831575, 0.5
384, 10, 6, 0.0001, 0.6410525, 0.0
385, 10, 7, 0.1, 0.30315749999999997, 0.5
386, 10, 7, 0.01, 0.29157900000000003, 0.5
387, 10, 7, 0.001, 0.388421, 0.5
388, 10, 7, 0.0001, 0.6242105, 0.0
389, 10, 8, 0.1, 0.2810525, 0.5
390, 10, 8, 0.01, 0.282105, 0.5
391, 10, 8, 0.001, 0.38842150000000003, 0.0
392, 10, 8, 0.0001, 0.6336845, 0.0
393, 10, 9, 0.1, 0.28421050000000003, 0.5
394, 10, 9, 0.01, 0.2863155, 0.5
395, 10, 9, 0.001, 0.3757895, 0.5
396, 10, 9, 0.0001, 0.625263, 0.0
397, 10, 10, 0.1, 0.2894735, 0.5
398, 10, 10, 0.01, 0.296842, 0.5
399, 10, 10, 0.001, 0.383158, 0.5
400, 10, 10, 0.0001, 0.631579, 0.0
