1, 1, 1, 0.1, 0.32916650000000003, 0.0
2, 1, 1, 0.01, 0.31875, 1.0
3, 1, 1, 0.001, 0.316667, 1.0
4, 1, 1, 0.0001, 0.4666665, 2.5
5, 1, 2, 0.1, 0.2916665, 0.5
6, 1, 2, 0.01, 0.2989585, 0.0
7, 1, 2, 0.001, 0.31145849999999997, 1.0
8, 1, 2, 0.0001, 0.46875, 1.5
9, 1, 3, 0.1, 0.2927085, 1.0
10, 1, 3, 0.01, 0.30833299999999997, 0.0
11, 1, 3, 0.001, 0.3125, 0.0
12, 1, 3, 0.0001, 0.47812499999999997, 2.0
13, 1, 4, 0.1, 0.311458, 0.0
14, 1, 4, 0.01, 0.2947915, 0.0
15, 1, 4, 0.001, 0.3208335, 0.5
16, 1, 4, 0.0001, 0.48020799999999997, 1.0
17, 1, 5, 0.1, 0.308333, 1.0
18, 1, 5, 0.01, 0.290625, 0.5
19, 1, 5, 0.001, 0.30625, 0.5
20, 1, 5, 0.0001, 0.4760415, 1.0
21, 1, 6, 0.1, 0.3020835, 0.0
22, 1, 6, 0.01, 0.29375, 1.5
23, 1, 6, 0.001, 0.3083335, 0.5
24, 1, 6, 0.0001, 0.4645835, 1.5
25, 1, 7, 0.1, 0.302083, 0.5
26, 1, 7, 0.01, 0.2875, 0.0
27, 1, 7, 0.001, 0.3, 0.0
28, 1, 7, 0.0001, 0.4822915, 1.0
29, 1, 8, 0.1, 0.2958335, 1.5
30, 1, 8, 0.01, 0.290625, 1.0
31, 1, 8, 0.001, 0.325, 0.5
32, 1, 8, 0.0001, 0.48020850000000004, 1.0
33, 1, 9, 0.1, 0.3208335, 1.0
34, 1, 9, 0.01, 0.303125, 0.5
35, 1, 9, 0.001, 0.31145849999999997, 1.0
36, 1, 9, 0.0001, 0.4822915, 1.0
37, 1, 10, 0.1, 0.290625, 0.5
38, 1, 10, 0.01, 0.2833335, 1.0
39, 1, 10, 0.001, 0.302083, 1.0
40, 1, 10, 0.0001, 0.479167, 2.5
41, 2, 1, 0.1, 0.2729165, 0.5
42, 2, 1, 0.01, 0.24791649999999998, 1.0
43, 2, 1, 0.001, 0.3145835, 2.5
44, 2, 1, 0.0001, 0.525, 0.5
45, 2, 2, 0.1, 0.2739585, 1.0
46, 2, 2, 0.01, 0.28854199999999997, 0.5
47, 2, 2, 0.001, 0.30520800000000003, 0.5
48, 2, 2, 0.0001, 0.5135415, 0.0
49, 2, 3, 0.1, 0.270833, 0.5
50, 2, 3, 0.01, 0.28958300000000003, 1.5
51, 2, 3, 0.001, 0.2802085, 0.5
52, 2, 3, 0.0001, 0.5125, 0.0
53, 2, 4, 0.1, 0.271875, 0.5
54, 2, 4, 0.01, 0.2552085, 1.5
55, 2, 4, 0.001, 0.292708, 1.0
56, 2, 4, 0.0001, 0.5208335, 0.5
57, 2, 5, 0.1, 0.275, 1.0
58, 2, 5, 0.01, 0.267708, 0.5
59, 2, 5, 0.001, 0.2947915, 1.5
60, 2, 5, 0.0001, 0.5072915, 1.0
61, 2, 6, 0.1, 0.25833300000000003, 0.5
62, 2, 6, 0.01, 0.275, 2.0
63, 2, 6, 0.001, 0.29374999999999996, 1.5
64, 2, 6, 0.0001, 0.523958, 0.0
65, 2, 7, 0.1, 0.28125, 1.5
66, 2, 7, 0.01, 0.2614585, 0.5
67, 2, 7, 0.001, 0.275, 1.0
68, 2, 7, 0.0001, 0.5260414999999999, 1.0
69, 2, 8, 0.1, 0.26979149999999996, 1.0
70, 2, 8, 0.01, 0.265625, 1.0
71, 2, 8, 0.001, 0.2885415, 1.5
72, 2, 8, 0.0001, 0.523958, 0.0
73, 2, 9, 0.1, 0.2708335, 1.5
74, 2, 9, 0.01, 0.26145799999999997, 0.5
75, 2, 9, 0.001, 0.27291699999999997, 0.5
76, 2, 9, 0.0001, 0.5302085, 0.5
77, 2, 10, 0.1, 0.284375, 0.5
78, 2, 10, 0.01, 0.29375, 0.5
79, 2, 10, 0.001, 0.29270799999999997, 0.5
80, 2, 10, 0.0001, 0.509375, 0.5
81, 3, 1, 0.1, 0.261458, 1.0
82, 3, 1, 0.01, 0.25, 1.0
83, 3, 1, 0.001, 0.2989585, 1.0
84, 3, 1, 0.0001, 0.5583335, 0.0
85, 3, 2, 0.1, 0.2583335, 1.0
86, 3, 2, 0.01, 0.26979200000000003, 1.0
87, 3, 2, 0.001, 0.290625, 1.0
88, 3, 2, 0.0001, 0.546875, 0.0
89, 3, 3, 0.1, 0.2677085, 1.0
90, 3, 3, 0.01, 0.275, 1.0
91, 3, 3, 0.001, 0.2875, 1.0
92, 3, 3, 0.0001, 0.55625, 0.0
93, 3, 4, 0.1, 0.2729165, 1.0
94, 3, 4, 0.01, 0.2729165, 1.0
95, 3, 4, 0.001, 0.291667, 1.0
96, 3, 4, 0.0001, 0.54375, 0.0
97, 3, 5, 0.1, 0.2625, 1.0
98, 3, 5, 0.01, 0.2760415, 1.0
99, 3, 5, 0.001, 0.290625, 1.0
100, 3, 5, 0.0001, 0.5572915, 0.0
101, 3, 6, 0.1, 0.279167, 1.0
102, 3, 6, 0.01, 0.2729165, 1.0
103, 3, 6, 0.001, 0.290625, 1.0
104, 3, 6, 0.0001, 0.55625, 0.0
105, 3, 7, 0.1, 0.2854165, 1.0
106, 3, 7, 0.01, 0.2864585, 1.0
107, 3, 7, 0.001, 0.3041665, 1.0
108, 3, 7, 0.0001, 0.546875, 0.0
109, 3, 8, 0.1, 0.265625, 1.0
110, 3, 8, 0.01, 0.26145850000000004, 1.0
111, 3, 8, 0.001, 0.3197915, 1.0
112, 3, 8, 0.0001, 0.5604165000000001, 0.0
113, 3, 9, 0.1, 0.26875, 1.0
114, 3, 9, 0.01, 0.2864585, 1.0
115, 3, 9, 0.001, 0.2854165, 1.0
116, 3, 9, 0.0001, 0.5552085, 0.0
117, 3, 10, 0.1, 0.2625, 1.0
118, 3, 10, 0.01, 0.271875, 1.0
119, 3, 10, 0.001, 0.2885415, 1.0
120, 3, 10, 0.0001, 0.5645834999999999, 0.0
121, 4, 1, 0.1, 0.2416665, 1.0
122, 4, 1, 0.01, 0.2385415, 1.0
123, 4, 1, 0.001, 0.28125, 1.0
124, 4, 1, 0.0001, 0.56875, 0.0
125, 4, 2, 0.1, 0.2427085, 1.0
126, 4, 2, 0.01, 0.24375, 1.0
127, 4, 2, 0.001, 0.303125, 1.0
128, 4, 2, 0.0001, 0.575, 0.0
129, 4, 3, 0.1, 0.265625, 1.0
130, 4, 3, 0.01, 0.232292, 1.0
131, 4, 3, 0.001, 0.29791650000000003, 1.0
132, 4, 3, 0.0001, 0.5770835000000001, 0.0
133, 4, 4, 0.1, 0.240625, 1.0
134, 4, 4, 0.01, 0.234375, 1.0
135, 4, 4, 0.001, 0.3125, 1.0
136, 4, 4, 0.0001, 0.5979165, 0.0
137, 4, 5, 0.1, 0.2385415, 1.0
138, 4, 5, 0.01, 0.2572915, 1.0
139, 4, 5, 0.001, 0.29791650000000003, 1.0
140, 4, 5, 0.0001, 0.5875, 0.0
141, 4, 6, 0.1, 0.25416700000000003, 1.0
142, 4, 6, 0.01, 0.2427085, 1.0
143, 4, 6, 0.001, 0.32708349999999997, 1.0
144, 4, 6, 0.0001, 0.5802085, 0.0
145, 4, 7, 0.1, 0.255208, 1.0
146, 4, 7, 0.01, 0.2416665, 1.0
147, 4, 7, 0.001, 0.2854165, 1.0
148, 4, 7, 0.0001, 0.5802085, 0.0
149, 4, 8, 0.1, 0.255208, 1.0
150, 4, 8, 0.01, 0.2583335, 1.0
151, 4, 8, 0.001, 0.2697915, 0.5
152, 4, 8, 0.0001, 0.584375, 0.0
153, 4, 9, 0.1, 0.2395835, 1.0
154, 4, 9, 0.01, 0.24687499999999998, 1.0
155, 4, 9, 0.001, 0.2875, 1.0
156, 4, 9, 0.0001, 0.571875, 0.0
157, 4, 10, 0.1, 0.2552085, 1.0
158, 4, 10, 0.01, 0.2541665, 1.0
159, 4, 10, 0.001, 0.284375, 1.0
160, 4, 10, 0.0001, 0.58125, 0.0
161, 5, 1, 0.1, 0.2599165, 1.0
162, 5, 1, 0.01, 0.256785, 1.0
163, 5, 1, 0.001, 0.307933, 1.0
164, 5, 1, 0.0001, 0.6356995, 0.0
165, 5, 2, 0.1, 0.2870565, 1.0
166, 5, 2, 0.01, 0.2536535, 1.0
167, 5, 2, 0.001, 0.3319415, 0.5
168, 5, 2, 0.0001, 0.6482254999999999, 0.0
169, 5, 3, 0.1, 0.276618, 1.0
170, 5, 3, 0.01, 0.2557415, 1.0
171, 5, 3, 0.001, 0.334029, 1.0
172, 5, 3, 0.0001, 0.6356995000000001, 0.0
173, 5, 4, 0.1, 0.27348649999999997, 0.5
174, 5, 4, 0.01, 0.295407, 1.0
175, 5, 4, 0.001, 0.32985400000000004, 1.0
176, 5, 4, 0.0001, 0.629436, 0.0
177, 5, 5, 0.1, 0.2609605, 1.0
178, 5, 5, 0.01, 0.27244250000000003, 1.0
179, 5, 5, 0.001, 0.33611650000000004, 0.5
180, 5, 5, 0.0001, 0.6304805, 0.0
181, 5, 6, 0.1, 0.28496849999999996, 1.0
182, 5, 6, 0.01, 0.26826700000000003, 1.0
183, 5, 6, 0.001, 0.3340295, 0.5
184, 5, 6, 0.0001, 0.6346555, 0.0
185, 5, 7, 0.1, 0.2881005, 1.0
186, 5, 7, 0.01, 0.2713985, 1.0
187, 5, 7, 0.001, 0.323591, 1.0
188, 5, 7, 0.0001, 0.6461380000000001, 0.0
189, 5, 8, 0.1, 0.28079350000000003, 1.0
190, 5, 8, 0.01, 0.27661800000000003, 1.0
191, 5, 8, 0.001, 0.336117, 0.5
192, 5, 8, 0.0001, 0.6346555, 0.0
193, 5, 9, 0.1, 0.2724425, 1.0
194, 5, 9, 0.01, 0.282881, 1.0
195, 5, 9, 0.001, 0.335073, 1.0
196, 5, 9, 0.0001, 0.6398744999999999, 0.0
197, 5, 10, 0.1, 0.26931099999999997, 1.0
198, 5, 10, 0.01, 0.27661800000000003, 1.0
199, 5, 10, 0.001, 0.353862, 1.0
200, 5, 10, 0.0001, 0.6398745, 0.0
201, 6, 1, 0.1, 0.2484345, 1.0
202, 6, 1, 0.01, 0.2400835, 1.0
203, 6, 1, 0.001, 0.3235905, 0.5
204, 6, 1, 0.0001, 0.656576, 0.0
205, 6, 2, 0.1, 0.250522, 1.0
206, 6, 2, 0.01, 0.24947799999999998, 1.0
207, 6, 2, 0.001, 0.3298535, 1.0
208, 6, 2, 0.0001, 0.656576, 0.0
209, 6, 3, 0.1, 0.295407, 1.0
210, 6, 3, 0.01, 0.280793, 1.0
211, 6, 3, 0.001, 0.31941549999999996, 1.0
212, 6, 3, 0.0001, 0.64405, 0.0
213, 6, 4, 0.1, 0.290188, 1.0
214, 6, 4, 0.01, 0.297495, 1.0
215, 6, 4, 0.001, 0.317328, 1.0
216, 6, 4, 0.0001, 0.651357, 0.0
217, 6, 5, 0.1, 0.26931099999999997, 1.0
218, 6, 5, 0.01, 0.276618, 1.0
219, 6, 5, 0.001, 0.329854, 1.0
220, 6, 5, 0.0001, 0.6398745, 0.0
221, 6, 6, 0.1, 0.275574, 1.0
222, 6, 6, 0.01, 0.268267, 1.0
223, 6, 6, 0.001, 0.32672249999999997, 0.5
224, 6, 6, 0.0001, 0.6346555, 0.0
225, 6, 7, 0.1, 0.28914399999999996, 1.0
226, 6, 7, 0.01, 0.256785, 1.0
227, 6, 7, 0.001, 0.31941549999999996, 1.0
228, 6, 7, 0.0001, 0.64405, 0.0
229, 6, 8, 0.1, 0.270355, 1.0
230, 6, 8, 0.01, 0.27348649999999997, 1.0
231, 6, 8, 0.001, 0.3319415, 1.0
232, 6, 8, 0.0001, 0.656576, 0.0
233, 6, 9, 0.1, 0.282881, 1.0
234, 6, 9, 0.01, 0.278706, 1.0
235, 6, 9, 0.001, 0.30793349999999997, 1.0
236, 6, 9, 0.0001, 0.639875, 0.0
237, 6, 10, 0.1, 0.297495, 1.0
238, 6, 10, 0.01, 0.283925, 1.0
239, 6, 10, 0.001, 0.330898, 1.0
240, 6, 10, 0.0001, 0.6607514999999999, 0.0
241, 7, 1, 0.1, 0.242678, 0.5
242, 7, 1, 0.01, 0.252092, 0.5
243, 7, 1, 0.001, 0.3242675, 0.5
244, 7, 1, 0.0001, 0.6453975, 0.0
245, 7, 2, 0.1, 0.2698745, 1.0
246, 7, 2, 0.01, 0.25, 1.0
247, 7, 2, 0.001, 0.3158995, 1.0
248, 7, 2, 0.0001, 0.6610879999999999, 0.0
249, 7, 3, 0.1, 0.284519, 1.0
250, 7, 3, 0.01, 0.2771965, 1.0
251, 7, 3, 0.001, 0.34204999999999997, 1.0
252, 7, 3, 0.0001, 0.6548115, 0.0
253, 7, 4, 0.1, 0.2667365, 1.0
254, 7, 4, 0.01, 0.2740585, 1.0
255, 7, 4, 0.001, 0.31066950000000004, 0.5
256, 7, 4, 0.0001, 0.670502, 0.0
257, 7, 5, 0.1, 0.286611, 1.0
258, 7, 5, 0.01, 0.279289, 1.0
259, 7, 5, 0.001, 0.3253135, 1.0
260, 7, 5, 0.0001, 0.6453975, 0.0
261, 7, 6, 0.1, 0.26778250000000003, 1.0
262, 7, 6, 0.01, 0.288703, 1.0
263, 7, 6, 0.001, 0.333682, 1.0
264, 7, 6, 0.0001, 0.665272, 0.0
265, 7, 7, 0.1, 0.2751045, 1.0
266, 7, 7, 0.01, 0.2667365, 1.0
267, 7, 7, 0.001, 0.33159, 1.0
268, 7, 7, 0.0001, 0.6558575, 0.0
269, 7, 8, 0.1, 0.26778250000000003, 1.0
270, 7, 8, 0.01, 0.26778250000000003, 1.0
271, 7, 8, 0.001, 0.3242675, 1.0
272, 7, 8, 0.0001, 0.660042, 0.0
273, 7, 9, 0.1, 0.2698745, 1.0
274, 7, 9, 0.01, 0.290795, 1.0
275, 7, 9, 0.001, 0.3221755, 1.0
276, 7, 9, 0.0001, 0.660042, 0.0
277, 7, 10, 0.1, 0.2845185, 1.0
278, 7, 10, 0.01, 0.2730125, 1.0
279, 7, 10, 0.001, 0.3253135, 1.0
280, 7, 10, 0.0001, 0.662134, 0.0
281, 8, 1, 0.1, 0.245283, 0.5
282, 8, 1, 0.01, 0.236897, 0.5
283, 8, 1, 0.001, 0.3679245, 0.5
284, 8, 1, 0.0001, 0.702306, 0.0
285, 8, 2, 0.1, 0.251572, 1.0
286, 8, 2, 0.01, 0.2484275, 0.5
287, 8, 2, 0.001, 0.356394, 1.0
288, 8, 2, 0.0001, 0.6855344999999999, 0.0
289, 8, 3, 0.1, 0.29979049999999996, 1.0
290, 8, 3, 0.01, 0.29664599999999997, 1.0
291, 8, 3, 0.001, 0.36163500000000004, 1.0
292, 8, 3, 0.0001, 0.6991615, 0.0
293, 8, 4, 0.1, 0.2914045, 1.0
294, 8, 4, 0.01, 0.28406699999999996, 1.0
295, 8, 4, 0.001, 0.354298, 0.5
296, 8, 4, 0.0001, 0.6991615, 0.0
297, 8, 5, 0.1, 0.2914045, 1.0
298, 8, 5, 0.01, 0.28930849999999997, 1.0
299, 8, 5, 0.001, 0.36582800000000004, 0.5
300, 8, 5, 0.0001, 0.6918234999999999, 0.0
301, 8, 6, 0.1, 0.272537, 1.0
302, 8, 6, 0.01, 0.29140449999999996, 1.0
303, 8, 6, 0.001, 0.36582800000000004, 0.5
304, 8, 6, 0.0001, 0.702306, 0.0
305, 8, 7, 0.1, 0.2861635, 1.0
306, 8, 7, 0.01, 0.2966455, 1.0
307, 8, 7, 0.001, 0.34905699999999995, 1.0
308, 8, 7, 0.0001, 0.6928719999999999, 0.0
309, 8, 8, 0.1, 0.28406699999999996, 1.0
310, 8, 8, 0.01, 0.264151, 0.5
311, 8, 8, 0.001, 0.354298, 0.5
312, 8, 8, 0.0001, 0.703354, 0.0
313, 8, 9, 0.1, 0.2526205, 1.0
314, 8, 9, 0.01, 0.2683435, 1.0
315, 8, 9, 0.001, 0.3532495, 0.5
316, 8, 9, 0.0001, 0.69392, 0.0
317, 8, 10, 0.1, 0.283019, 1.0
318, 8, 10, 0.01, 0.29245299999999996, 0.5
319, 8, 10, 0.001, 0.37002100000000004, 0.5
320, 8, 10, 0.0001, 0.6928719999999999, 0.0
321, 9, 1, 0.1, 0.255765, 0.5
322, 9, 1, 0.01, 0.26205449999999997, 0.5
323, 9, 1, 0.001, 0.3427675, 0.5
324, 9, 1, 0.0001, 0.6918234999999999, 0.0
325, 9, 2, 0.1, 0.278826, 0.5
326, 9, 2, 0.01, 0.297694, 0.5
327, 9, 2, 0.001, 0.3532495, 0.5
328, 9, 2, 0.0001, 0.6823895, 0.0
329, 9, 3, 0.1, 0.259958, 0.5
330, 9, 3, 0.01, 0.27673, 0.5
331, 9, 3, 0.001, 0.3532495, 0.5
332, 9, 3, 0.0001, 0.6771484999999999, 0.0
333, 9, 4, 0.1, 0.26205449999999997, 0.5
334, 9, 4, 0.01, 0.2631025, 0.5
335, 9, 4, 0.001, 0.34800849999999994, 0.5
336, 9, 4, 0.0001, 0.6781969999999999, 0.0
337, 9, 5, 0.1, 0.27777799999999997, 0.5
338, 9, 5, 0.01, 0.2809225, 0.5
339, 9, 5, 0.001, 0.337526, 0.5
340, 9, 5, 0.0001, 0.674004, 0.0
341, 9, 6, 0.1, 0.2809225, 0.5
342, 9, 6, 0.01, 0.27358499999999997, 0.5
343, 9, 6, 0.001, 0.3385745, 0.5
344, 9, 6, 0.0001, 0.6813415, 0.0
345, 9, 7, 0.1, 0.263103, 0.5
346, 9, 7, 0.01, 0.26624749999999997, 0.5
347, 9, 7, 0.001, 0.35429750000000004, 0.5
348, 9, 7, 0.0001, 0.6771484999999999, 0.0
349, 9, 8, 0.1, 0.25471699999999997, 0.5
350, 9, 8, 0.01, 0.2599585, 0.5
351, 9, 8, 0.001, 0.33543, 0.5
352, 9, 8, 0.0001, 0.6761005, 0.0
353, 9, 9, 0.1, 0.2631025, 0.5
354, 9, 9, 0.01, 0.27148849999999997, 0.5
355, 9, 9, 0.001, 0.331237, 0.5
356, 9, 9, 0.0001, 0.6802935, 0.0
357, 9, 10, 0.1, 0.274633, 0.5
358, 9, 10, 0.01, 0.272537, 0.5
359, 9, 10, 0.001, 0.3280925, 0.5
360, 9, 10, 0.0001, 0.683438, 0.0
361, 10, 1, 0.1, 0.262105, 0.0
362, 10, 1, 0.01, 0.2694735, 0.0
363, 10, 1, 0.001, 0.38842099999999996, 0.5
364, 10, 1, 0.0001, 0.7136845, 0.0
365, 10, 2, 0.1, 0.323158, 0.5
366, 10, 2, 0.01, 0.2978945, 0.5
367, 10, 2, 0.001, 0.4, 0.5
368, 10, 2, 0.0001, 0.7157895000000001, 0.0
369, 10, 3, 0.1, 0.2726315, 0.5
370, 10, 3, 0.01, 0.285263, 0.5
371, 10, 3, 0.001, 0.39684200000000003, 0.5
372, 10, 3, 0.0001, 0.7, 0.0
373, 10, 4, 0.1, 0.3010525, 0.5
374, 10, 4, 0.01, 0.290526, 0.5
375, 10, 4, 0.001, 0.382105, 0.5
376, 10, 4, 0.0001, 0.723158, 0.0
377, 10, 5, 0.1, 0.30631549999999996, 0.5
378, 10, 5, 0.01, 0.3073685, 0.5
379, 10, 5, 0.001, 0.410526, 0.5
380, 10, 5, 0.0001, 0.7126319999999999, 0.0
381, 10, 6, 0.1, 0.3052635, 0.5
382, 10, 6, 0.01, 0.30315749999999997, 0.5
383, 10, 6, 0.001, 0.4073685, 0.5
384, 10, 6, 0.0001, 0.7136845, 0.0
385, 10, 7, 0.1, 0.288421, 0.5
386, 10, 7, 0.01, 0.3157895, 0.5
387, 10, 7, 0.001, 0.40421050000000003, 0.5
388, 10, 7, 0.0001, 0.711579, 0.0
389, 10, 8, 0.1, 0.30631600000000003, 0.5
390, 10, 8, 0.01, 0.288421, 0.5
391, 10, 8, 0.001, 0.3873685, 0.5
392, 10, 8, 0.0001, 0.717895, 0.0
393, 10, 9, 0.1, 0.290526, 0.5
394, 10, 9, 0.01, 0.286316, 0.5
395, 10, 9, 0.001, 0.3873685, 0.5
396, 10, 9, 0.0001, 0.7210529999999999, 0.0
397, 10, 10, 0.1, 0.3010525, 0.5
398, 10, 10, 0.01, 0.297895, 0.5
399, 10, 10, 0.001, 0.386316, 0.5
400, 10, 10, 0.0001, 0.714737, 0.0
