1, 1, 1, 1, 0.45729200000000003, 2.0
2, 1, 1, 2, 0.451042, 0.5
3, 1, 1, 3, 0.371875, 0.0
4, 1, 1, 4, 0.40625, 0.5
5, 1, 1, 5, 0.38749999999999996, 0.5
6, 1, 1, 6, 0.3822915, 0.0
7, 1, 1, 7, 0.36041650000000003, 0.5
8, 1, 1, 8, 0.329167, 0.0
9, 1, 1, 9, 0.317708, 1.0
10, 1, 1, 10, 0.316667, 1.0
11, 1, 2, 1, 0.46354150000000005, 1.0
12, 1, 2, 2, 0.458333, 0.0
13, 1, 2, 3, 0.404167, 0.0
14, 1, 2, 4, 0.41874999999999996, 0.0
15, 1, 2, 5, 0.378125, 0.0
16, 1, 2, 6, 0.346875, 0.0
17, 1, 2, 7, 0.34791649999999996, 1.0
18, 1, 2, 8, 0.34062499999999996, 0.0
19, 1, 2, 9, 0.33125, 0.0
20, 1, 2, 10, 0.31145849999999997, 1.0
21, 1, 3, 1, 0.44270849999999995, 0.5
22, 1, 3, 2, 0.44895799999999997, 1.5
23, 1, 3, 3, 0.419792, 1.5
24, 1, 3, 4, 0.407292, 0.5
25, 1, 3, 5, 0.3833335, 0.5
26, 1, 3, 6, 0.35, 2.0
27, 1, 3, 7, 0.3458335, 0.0
28, 1, 3, 8, 0.320833, 0.0
29, 1, 3, 9, 0.313542, 0.5
30, 1, 3, 10, 0.3125, 0.0
31, 1, 4, 1, 0.46145800000000003, 1.5
32, 1, 4, 2, 0.44895850000000004, 0.0
33, 1, 4, 3, 0.371875, 0.0
34, 1, 4, 4, 0.37916700000000003, 0.0
35, 1, 4, 5, 0.376042, 0.0
36, 1, 4, 6, 0.36354200000000003, 0.5
37, 1, 4, 7, 0.32916650000000003, 0.0
38, 1, 4, 8, 0.325, 1.0
39, 1, 4, 9, 0.3260415, 0.0
40, 1, 4, 10, 0.3208335, 0.5
41, 1, 5, 1, 0.4604165, 1.0
42, 1, 5, 2, 0.451042, 0.5
43, 1, 5, 3, 0.35520799999999997, 0.0
44, 1, 5, 4, 0.391667, 1.0
45, 1, 5, 5, 0.3666665, 0.0
46, 1, 5, 6, 0.3729165, 0.0
47, 1, 5, 7, 0.3520835, 0.0
48, 1, 5, 8, 0.31666649999999996, 0.5
49, 1, 5, 9, 0.3239585, 0.5
50, 1, 5, 10, 0.30625, 0.5
51, 1, 6, 1, 0.4708335, 1.5
52, 1, 6, 2, 0.453125, 1.0
53, 1, 6, 3, 0.365625, 1.0
54, 1, 6, 4, 0.4197915, 0.0
55, 1, 6, 5, 0.375, 0.0
56, 1, 6, 6, 0.35520850000000004, 0.0
57, 1, 6, 7, 0.32499999999999996, 1.0
58, 1, 6, 8, 0.3302085, 1.0
59, 1, 6, 9, 0.3229165, 0.5
60, 1, 6, 10, 0.3083335, 0.5
61, 1, 7, 1, 0.4770835, 2.5
62, 1, 7, 2, 0.451042, 1.0
63, 1, 7, 3, 0.40625, 0.0
64, 1, 7, 4, 0.4010415, 0.0
65, 1, 7, 5, 0.3770835, 0.5
66, 1, 7, 6, 0.33958350000000004, 1.0
67, 1, 7, 7, 0.3302085, 1.5
68, 1, 7, 8, 0.3375, 1.0
69, 1, 7, 9, 0.334375, 0.5
70, 1, 7, 10, 0.3, 0.0
71, 1, 8, 1, 0.4760415, 2.0
72, 1, 8, 2, 0.44479199999999997, 1.5
73, 1, 8, 3, 0.3614585, 1.0
74, 1, 8, 4, 0.3989585, 0.0
75, 1, 8, 5, 0.35520850000000004, 0.5
76, 1, 8, 6, 0.3416665, 2.0
77, 1, 8, 7, 0.325, 0.0
78, 1, 8, 8, 0.3416665, 0.5
79, 1, 8, 9, 0.315625, 1.0
80, 1, 8, 10, 0.325, 0.5
81, 1, 9, 1, 0.4666665, 1.0
82, 1, 9, 2, 0.446875, 0.0
83, 1, 9, 3, 0.384375, 1.5
84, 1, 9, 4, 0.39375000000000004, 0.0
85, 1, 9, 5, 0.3833335, 0.5
86, 1, 9, 6, 0.35208300000000003, 0.0
87, 1, 9, 7, 0.35, 1.0
88, 1, 9, 8, 0.327083, 1.0
89, 1, 9, 9, 0.3208335, 1.0
90, 1, 9, 10, 0.31145849999999997, 1.0
91, 1, 10, 1, 0.4635415, 2.0
92, 1, 10, 2, 0.427083, 0.0
93, 1, 10, 3, 0.389583, 0.0
94, 1, 10, 4, 0.4, 0.5
95, 1, 10, 5, 0.3770835, 0.0
96, 1, 10, 6, 0.3625, 1.0
97, 1, 10, 7, 0.3333335, 0.0
98, 1, 10, 8, 0.336458, 0.0
99, 1, 10, 9, 0.29791650000000003, 0.5
100, 1, 10, 10, 0.302083, 1.0
101, 2, 1, 1, 0.5, 0.5
102, 2, 1, 2, 0.44895850000000004, 0.5
103, 2, 1, 3, 0.4083335, 0.5
104, 2, 1, 4, 0.38958349999999997, 1.5
105, 2, 1, 5, 0.33229149999999996, 1.0
106, 2, 1, 6, 0.35, 1.5
107, 2, 1, 7, 0.326042, 1.0
108, 2, 1, 8, 0.31875, 1.5
109, 2, 1, 9, 0.3, 1.0
110, 2, 1, 10, 0.3145835, 2.5
111, 2, 2, 1, 0.5197915, 0.5
112, 2, 2, 2, 0.45625000000000004, 1.0
113, 2, 2, 3, 0.40729150000000003, 2.0
114, 2, 2, 4, 0.3625, 1.0
115, 2, 2, 5, 0.334375, 0.5
116, 2, 2, 6, 0.3364585, 0.5
117, 2, 2, 7, 0.3010415, 1.0
118, 2, 2, 8, 0.2895835, 0.5
119, 2, 2, 9, 0.30625, 2.0
120, 2, 2, 10, 0.30520800000000003, 0.5
121, 2, 3, 1, 0.5062500000000001, 0.0
122, 2, 3, 2, 0.43645849999999997, 1.5
123, 2, 3, 3, 0.36666699999999997, 2.5
124, 2, 3, 4, 0.358333, 1.0
125, 2, 3, 5, 0.3145835, 0.5
126, 2, 3, 6, 0.3083335, 1.0
127, 2, 3, 7, 0.31354150000000003, 0.5
128, 2, 3, 8, 0.3208335, 0.5
129, 2, 3, 9, 0.271875, 1.5
130, 2, 3, 10, 0.2802085, 0.5
131, 2, 4, 1, 0.48541650000000003, 0.5
132, 2, 4, 2, 0.43437499999999996, 2.0
133, 2, 4, 3, 0.369792, 1.5
134, 2, 4, 4, 0.3770835, 2.0
135, 2, 4, 5, 0.325, 1.0
136, 2, 4, 6, 0.325, 1.0
137, 2, 4, 7, 0.315625, 0.5
138, 2, 4, 8, 0.301042, 0.5
139, 2, 4, 9, 0.29375, 0.5
140, 2, 4, 10, 0.292708, 1.0
141, 2, 5, 1, 0.49166699999999997, 0.0
142, 2, 5, 2, 0.43333299999999997, 0.5
143, 2, 5, 3, 0.384375, 0.5
144, 2, 5, 4, 0.342708, 2.0
145, 2, 5, 5, 0.3239585, 0.5
146, 2, 5, 6, 0.3197915, 1.5
147, 2, 5, 7, 0.313542, 1.5
148, 2, 5, 8, 0.3, 1.5
149, 2, 5, 9, 0.30833350000000004, 1.0
150, 2, 5, 10, 0.2947915, 1.5
151, 2, 6, 1, 0.4927085, 0.5
152, 2, 6, 2, 0.4354165, 0.5
153, 2, 6, 3, 0.39166650000000003, 1.5
154, 2, 6, 4, 0.3395835, 1.0
155, 2, 6, 5, 0.31875, 0.5
156, 2, 6, 6, 0.296875, 1.5
157, 2, 6, 7, 0.315625, 0.5
158, 2, 6, 8, 0.29375, 0.5
159, 2, 6, 9, 0.276042, 1.0
160, 2, 6, 10, 0.29374999999999996, 1.5
161, 2, 7, 1, 0.48541650000000003, 0.5
162, 2, 7, 2, 0.4458335, 1.5
163, 2, 7, 3, 0.376042, 1.5
164, 2, 7, 4, 0.3645835, 0.5
165, 2, 7, 5, 0.3125, 1.0
166, 2, 7, 6, 0.301042, 0.5
167, 2, 7, 7, 0.31145849999999997, 2.0
168, 2, 7, 8, 0.2989585, 0.5
169, 2, 7, 9, 0.2916665, 1.5
170, 2, 7, 10, 0.275, 1.0
171, 2, 8, 1, 0.5, 1.0
172, 2, 8, 2, 0.4375, 1.5
173, 2, 8, 3, 0.3677085, 1.5
174, 2, 8, 4, 0.3520835, 1.0
175, 2, 8, 5, 0.325, 1.0
176, 2, 8, 6, 0.309375, 0.5
177, 2, 8, 7, 0.2947915, 1.0
178, 2, 8, 8, 0.28125, 0.5
179, 2, 8, 9, 0.2916665, 0.5
180, 2, 8, 10, 0.2885415, 1.5
181, 2, 9, 1, 0.4916665, 0.0
182, 2, 9, 2, 0.46562499999999996, 1.5
183, 2, 9, 3, 0.377083, 2.0
184, 2, 9, 4, 0.3645835, 0.5
185, 2, 9, 5, 0.322917, 1.5
186, 2, 9, 6, 0.3177085, 1.0
187, 2, 9, 7, 0.317708, 1.0
188, 2, 9, 8, 0.286458, 1.5
189, 2, 9, 9, 0.28541649999999996, 0.5
190, 2, 9, 10, 0.27291699999999997, 0.5
191, 2, 10, 1, 0.505208, 1.5
192, 2, 10, 2, 0.43125, 2.0
193, 2, 10, 3, 0.391667, 1.0
194, 2, 10, 4, 0.3416665, 1.0
195, 2, 10, 5, 0.325, 0.5
196, 2, 10, 6, 0.295833, 0.5
197, 2, 10, 7, 0.2989585, 1.0
198, 2, 10, 8, 0.290625, 2.0
199, 2, 10, 9, 0.2729165, 0.5
200, 2, 10, 10, 0.29270799999999997, 0.5
201, 3, 1, 1, 0.494792, 0.5
202, 3, 1, 2, 0.4302085, 0.5
203, 3, 1, 3, 0.403125, 0.5
204, 3, 1, 4, 0.3770835, 1.0
205, 3, 1, 5, 0.3416665, 0.5
206, 3, 1, 6, 0.2927085, 1.0
207, 3, 1, 7, 0.2895835, 0.5
208, 3, 1, 8, 0.3, 0.5
209, 3, 1, 9, 0.29583349999999997, 1.0
210, 3, 1, 10, 0.2989585, 1.0
211, 3, 2, 1, 0.49791699999999994, 0.5
212, 3, 2, 2, 0.41145849999999995, 0.5
213, 3, 2, 3, 0.3625, 0.5
214, 3, 2, 4, 0.3489585, 0.5
215, 3, 2, 5, 0.325, 0.5
216, 3, 2, 6, 0.3125, 1.0
217, 3, 2, 7, 0.29583349999999997, 1.0
218, 3, 2, 8, 0.278125, 1.0
219, 3, 2, 9, 0.295833, 1.0
220, 3, 2, 10, 0.290625, 1.0
221, 3, 3, 1, 0.498958, 0.5
222, 3, 3, 2, 0.409375, 1.5
223, 3, 3, 3, 0.3510415, 0.5
224, 3, 3, 4, 0.34791700000000003, 0.5
225, 3, 3, 5, 0.309375, 1.5
226, 3, 3, 6, 0.30625, 1.0
227, 3, 3, 7, 0.278125, 1.0
228, 3, 3, 8, 0.290625, 1.0
229, 3, 3, 9, 0.283333, 1.0
230, 3, 3, 10, 0.2875, 1.0
231, 3, 4, 1, 0.48125, 0.5
232, 3, 4, 2, 0.409375, 0.5
233, 3, 4, 3, 0.36875, 0.5
234, 3, 4, 4, 0.342708, 0.5
235, 3, 4, 5, 0.316667, 1.0
236, 3, 4, 6, 0.288542, 1.0
237, 3, 4, 7, 0.3020835, 1.0
238, 3, 4, 8, 0.290625, 1.0
239, 3, 4, 9, 0.29270799999999997, 1.0
240, 3, 4, 10, 0.291667, 1.0
241, 3, 5, 1, 0.490625, 0.5
242, 3, 5, 2, 0.4, 1.0
243, 3, 5, 3, 0.371875, 0.5
244, 3, 5, 4, 0.3354165, 0.5
245, 3, 5, 5, 0.309375, 1.0
246, 3, 5, 6, 0.30625, 1.0
247, 3, 5, 7, 0.296875, 1.0
248, 3, 5, 8, 0.2895835, 1.0
249, 3, 5, 9, 0.28125, 1.0
250, 3, 5, 10, 0.290625, 1.0
251, 3, 6, 1, 0.4927085, 0.5
252, 3, 6, 2, 0.3822915, 0.5
253, 3, 6, 3, 0.365625, 0.5
254, 3, 6, 4, 0.3395835, 0.5
255, 3, 6, 5, 0.313542, 1.0
256, 3, 6, 6, 0.30520800000000003, 0.5
257, 3, 6, 7, 0.30104200000000003, 1.0
258, 3, 6, 8, 0.2864585, 1.0
259, 3, 6, 9, 0.2947915, 1.0
260, 3, 6, 10, 0.290625, 1.0
261, 3, 7, 1, 0.46770849999999997, 0.5
262, 3, 7, 2, 0.408333, 0.5
263, 3, 7, 3, 0.373958, 0.5
264, 3, 7, 4, 0.328125, 0.5
265, 3, 7, 5, 0.3145835, 1.0
266, 3, 7, 6, 0.30625, 1.0
267, 3, 7, 7, 0.309375, 1.0
268, 3, 7, 8, 0.29583349999999997, 1.0
269, 3, 7, 9, 0.284375, 1.0
270, 3, 7, 10, 0.3041665, 1.0
271, 3, 8, 1, 0.4604165, 0.5
272, 3, 8, 2, 0.404167, 0.5
273, 3, 8, 3, 0.36354149999999996, 0.5
274, 3, 8, 4, 0.340625, 1.0
275, 3, 8, 5, 0.30833350000000004, 1.0
276, 3, 8, 6, 0.2947915, 1.0
277, 3, 8, 7, 0.29791650000000003, 1.0
278, 3, 8, 8, 0.298958, 1.0
279, 3, 8, 9, 0.2989585, 1.0
280, 3, 8, 10, 0.3197915, 1.0
281, 3, 9, 1, 0.48125, 0.5
282, 3, 9, 2, 0.4145835, 1.0
283, 3, 9, 3, 0.354167, 0.5
284, 3, 9, 4, 0.325, 0.5
285, 3, 9, 5, 0.3197915, 0.5
286, 3, 9, 6, 0.311458, 1.0
287, 3, 9, 7, 0.30520800000000003, 1.0
288, 3, 9, 8, 0.2947915, 1.0
289, 3, 9, 9, 0.28854199999999997, 1.0
290, 3, 9, 10, 0.2854165, 1.0
291, 3, 10, 1, 0.475, 0.5
292, 3, 10, 2, 0.4125, 0.5
293, 3, 10, 3, 0.34479150000000003, 0.5
294, 3, 10, 4, 0.334375, 0.5
295, 3, 10, 5, 0.3125, 1.0
296, 3, 10, 6, 0.3302085, 1.0
297, 3, 10, 7, 0.30833299999999997, 1.0
298, 3, 10, 8, 0.29791650000000003, 1.0
299, 3, 10, 9, 0.286458, 1.0
300, 3, 10, 10, 0.2885415, 1.0
301, 4, 1, 1, 0.4979165, 0.5
302, 4, 1, 2, 0.43437500000000007, 0.5
303, 4, 1, 3, 0.365625, 0.5
304, 4, 1, 4, 0.3177085, 1.0
305, 4, 1, 5, 0.3260415, 1.0
306, 4, 1, 6, 0.29375, 1.0
307, 4, 1, 7, 0.3, 1.0
308, 4, 1, 8, 0.29791650000000003, 1.0
309, 4, 1, 9, 0.2875, 0.5
310, 4, 1, 10, 0.28125, 1.0
311, 4, 2, 1, 0.4729165, 0.5
312, 4, 2, 2, 0.416667, 0.5
313, 4, 2, 3, 0.36041650000000003, 1.0
314, 4, 2, 4, 0.3145835, 1.0
315, 4, 2, 5, 0.3083335, 1.0
316, 4, 2, 6, 0.3125, 1.0
317, 4, 2, 7, 0.3, 1.0
318, 4, 2, 8, 0.305208, 1.0
319, 4, 2, 9, 0.3010415, 1.0
320, 4, 2, 10, 0.303125, 1.0
321, 4, 3, 1, 0.4427085, 0.5
322, 4, 3, 2, 0.40208350000000004, 0.5
323, 4, 3, 3, 0.334375, 0.5
324, 4, 3, 4, 0.3125, 0.5
325, 4, 3, 5, 0.309375, 1.0
326, 4, 3, 6, 0.316667, 1.0
327, 4, 3, 7, 0.290625, 1.0
328, 4, 3, 8, 0.3145835, 1.0
329, 4, 3, 9, 0.302083, 1.0
330, 4, 3, 10, 0.29791650000000003, 1.0
331, 4, 4, 1, 0.4729165, 0.5
332, 4, 4, 2, 0.38645850000000004, 1.0
333, 4, 4, 3, 0.3552085, 0.5
334, 4, 4, 4, 0.329167, 1.0
335, 4, 4, 5, 0.321875, 1.0
336, 4, 4, 6, 0.30625, 1.0
337, 4, 4, 7, 0.2989585, 1.0
338, 4, 4, 8, 0.2927085, 1.0
339, 4, 4, 9, 0.29375, 1.0
340, 4, 4, 10, 0.3125, 1.0
341, 4, 5, 1, 0.4625, 1.0
342, 4, 5, 2, 0.38958349999999997, 0.5
343, 4, 5, 3, 0.35520850000000004, 1.0
344, 4, 5, 4, 0.3020835, 1.0
345, 4, 5, 5, 0.303125, 1.0
346, 4, 5, 6, 0.31145849999999997, 1.0
347, 4, 5, 7, 0.2895835, 1.0
348, 4, 5, 8, 0.3125, 1.0
349, 4, 5, 9, 0.2895835, 1.0
350, 4, 5, 10, 0.29791650000000003, 1.0
351, 4, 6, 1, 0.463542, 0.5
352, 4, 6, 2, 0.39895800000000003, 1.0
353, 4, 6, 3, 0.33541699999999997, 1.0
354, 4, 6, 4, 0.330208, 1.0
355, 4, 6, 5, 0.3125, 1.0
356, 4, 6, 6, 0.30833350000000004, 1.0
357, 4, 6, 7, 0.328125, 1.0
358, 4, 6, 8, 0.3072915, 1.0
359, 4, 6, 9, 0.298958, 1.0
360, 4, 6, 10, 0.32708349999999997, 1.0
361, 4, 7, 1, 0.47187500000000004, 1.5
362, 4, 7, 2, 0.3927085, 0.5
363, 4, 7, 3, 0.357292, 1.0
364, 4, 7, 4, 0.325, 0.5
365, 4, 7, 5, 0.3052085, 1.0
366, 4, 7, 6, 0.311458, 1.0
367, 4, 7, 7, 0.3072915, 1.0
368, 4, 7, 8, 0.296875, 1.0
369, 4, 7, 9, 0.2875, 1.0
370, 4, 7, 10, 0.2854165, 1.0
371, 4, 8, 1, 0.457292, 0.5
372, 4, 8, 2, 0.38749999999999996, 0.5
373, 4, 8, 3, 0.3583335, 0.5
374, 4, 8, 4, 0.3229165, 1.0
375, 4, 8, 5, 0.3177085, 1.0
376, 4, 8, 6, 0.2895835, 1.0
377, 4, 8, 7, 0.3041665, 1.0
378, 4, 8, 8, 0.290625, 1.0
379, 4, 8, 9, 0.2989585, 1.0
380, 4, 8, 10, 0.2697915, 0.5
381, 4, 9, 1, 0.44895850000000004, 0.5
382, 4, 9, 2, 0.39375000000000004, 0.5
383, 4, 9, 3, 0.3541665, 1.0
384, 4, 9, 4, 0.307292, 1.0
385, 4, 9, 5, 0.328125, 1.0
386, 4, 9, 6, 0.30937499999999996, 1.0
387, 4, 9, 7, 0.31145849999999997, 1.0
388, 4, 9, 8, 0.3, 1.0
389, 4, 9, 9, 0.292708, 1.0
390, 4, 9, 10, 0.2875, 1.0
391, 4, 10, 1, 0.46875, 0.5
392, 4, 10, 2, 0.40937500000000004, 0.5
393, 4, 10, 3, 0.35625, 0.5
394, 4, 10, 4, 0.3072915, 1.0
395, 4, 10, 5, 0.3333335, 0.5
396, 4, 10, 6, 0.3125, 1.0
397, 4, 10, 7, 0.3145835, 1.0
398, 4, 10, 8, 0.30416699999999997, 1.0
399, 4, 10, 9, 0.3177085, 1.0
400, 4, 10, 10, 0.284375, 1.0
401, 5, 1, 1, 0.5417540000000001, 0.5
402, 5, 1, 2, 0.454071, 0.5
403, 5, 1, 3, 0.4196245, 0.5
404, 5, 1, 4, 0.367432, 0.5
405, 5, 1, 5, 0.3392485, 0.5
406, 5, 1, 6, 0.37682649999999995, 1.5
407, 5, 1, 7, 0.3329855, 0.5
408, 5, 1, 8, 0.3329855, 0.5
409, 5, 1, 9, 0.3058455, 0.5
410, 5, 1, 10, 0.307933, 1.0
411, 5, 2, 1, 0.520877, 0.5
412, 5, 2, 2, 0.420668, 0.5
413, 5, 2, 3, 0.376827, 0.5
414, 5, 2, 4, 0.362213, 0.5
415, 5, 2, 5, 0.3590815, 0.5
416, 5, 2, 6, 0.34446750000000004, 0.5
417, 5, 2, 7, 0.327766, 1.5
418, 5, 2, 8, 0.3267225, 1.0
419, 5, 2, 9, 0.31837150000000003, 0.5
420, 5, 2, 10, 0.3319415, 0.5
421, 5, 3, 1, 0.5093945, 0.5
422, 5, 3, 2, 0.413361, 0.5
423, 5, 3, 3, 0.3601255, 0.5
424, 5, 3, 4, 0.367432, 0.5
425, 5, 3, 5, 0.336117, 0.5
426, 5, 3, 6, 0.3392485, 1.0
427, 5, 3, 7, 0.33924849999999995, 1.0
428, 5, 3, 8, 0.3173275, 1.0
429, 5, 3, 9, 0.329854, 1.0
430, 5, 3, 10, 0.334029, 1.0
431, 5, 4, 1, 0.506263, 0.5
432, 5, 4, 2, 0.40187849999999997, 0.5
433, 5, 4, 3, 0.384134, 0.5
434, 5, 4, 4, 0.348643, 0.5
435, 5, 4, 5, 0.354906, 0.5
436, 5, 4, 6, 0.33507299999999995, 0.5
437, 5, 4, 7, 0.33924849999999995, 1.0
438, 5, 4, 8, 0.321503, 1.0
439, 5, 4, 9, 0.3089775, 1.0
440, 5, 4, 10, 0.32985400000000004, 1.0
441, 5, 5, 1, 0.5302715, 0.5
442, 5, 5, 2, 0.4175365, 0.5
443, 5, 5, 3, 0.361169, 1.5
444, 5, 5, 4, 0.374739, 1.0
445, 5, 5, 5, 0.36116899999999996, 0.5
446, 5, 5, 6, 0.34655499999999995, 0.5
447, 5, 5, 7, 0.34238, 1.0
448, 5, 5, 8, 0.33924849999999995, 1.0
449, 5, 5, 9, 0.33298550000000005, 1.0
450, 5, 5, 10, 0.33611650000000004, 0.5
451, 5, 6, 1, 0.5104385, 0.5
452, 5, 6, 2, 0.4050105, 0.5
453, 5, 6, 3, 0.3799585, 1.5
454, 5, 6, 4, 0.3663885, 0.5
455, 5, 6, 5, 0.32881, 0.5
456, 5, 6, 6, 0.34551149999999997, 1.0
457, 5, 6, 7, 0.3256785, 0.5
458, 5, 6, 8, 0.33507299999999995, 1.0
459, 5, 6, 9, 0.3256785, 1.0
460, 5, 6, 10, 0.3340295, 0.5
461, 5, 7, 1, 0.501044, 0.5
462, 5, 7, 2, 0.41753650000000003, 0.5
463, 5, 7, 3, 0.36847599999999997, 0.5
464, 5, 7, 4, 0.35699349999999996, 1.0
465, 5, 7, 5, 0.3392485, 0.5
466, 5, 7, 6, 0.3267225, 0.5
467, 5, 7, 7, 0.3382045, 0.5
468, 5, 7, 8, 0.32881, 1.0
469, 5, 7, 9, 0.3256785, 1.0
470, 5, 7, 10, 0.323591, 1.0
471, 5, 8, 1, 0.4979125, 0.5
472, 5, 8, 2, 0.403967, 0.5
473, 5, 8, 3, 0.38100199999999995, 0.5
474, 5, 8, 4, 0.359081, 0.5
475, 5, 8, 5, 0.34238, 0.5
476, 5, 8, 6, 0.3256785, 0.5
477, 5, 8, 7, 0.3402925, 0.5
478, 5, 8, 8, 0.336117, 1.0
479, 5, 8, 9, 0.321503, 1.0
480, 5, 8, 10, 0.336117, 0.5
481, 5, 9, 1, 0.5052194999999999, 0.5
482, 5, 9, 2, 0.4018785, 0.5
483, 5, 9, 3, 0.381002, 0.5
484, 5, 9, 4, 0.365344, 0.5
485, 5, 9, 5, 0.35699400000000003, 0.5
486, 5, 9, 6, 0.341336, 1.0
487, 5, 9, 7, 0.3267225, 1.0
488, 5, 9, 8, 0.3246345, 1.0
489, 5, 9, 9, 0.321503, 1.0
490, 5, 9, 10, 0.335073, 1.0
491, 5, 10, 1, 0.5104385, 0.5
492, 5, 10, 2, 0.4039665, 0.5
493, 5, 10, 3, 0.3726515, 0.5
494, 5, 10, 4, 0.35699400000000003, 1.0
495, 5, 10, 5, 0.347599, 0.5
496, 5, 10, 6, 0.34342399999999995, 0.5
497, 5, 10, 7, 0.336117, 1.0
498, 5, 10, 8, 0.3215035, 0.5
499, 5, 10, 9, 0.31524, 0.5
500, 5, 10, 10, 0.353862, 1.0
501, 6, 1, 1, 0.5031315, 0.5
502, 6, 1, 2, 0.4634655, 1.0
503, 6, 1, 3, 0.379958, 0.5
504, 6, 1, 4, 0.39144049999999997, 0.5
505, 6, 1, 5, 0.35281850000000003, 0.5
506, 6, 1, 6, 0.336117, 0.5
507, 6, 1, 7, 0.337161, 1.5
508, 6, 1, 8, 0.316284, 1.0
509, 6, 1, 9, 0.3319415, 1.0
510, 6, 1, 10, 0.3235905, 0.5
511, 6, 2, 1, 0.5093945, 0.5
512, 6, 2, 2, 0.409186, 0.5
513, 6, 2, 3, 0.3632565, 0.5
514, 6, 2, 4, 0.34551149999999997, 0.5
515, 6, 2, 5, 0.337161, 1.0
516, 6, 2, 6, 0.329854, 1.0
517, 6, 2, 7, 0.3340295, 1.0
518, 6, 2, 8, 0.33716100000000004, 1.0
519, 6, 2, 9, 0.3204595, 1.0
520, 6, 2, 10, 0.3298535, 1.0
521, 6, 3, 1, 0.4843425, 0.5
522, 6, 3, 2, 0.4091855, 0.5
523, 6, 3, 3, 0.3496865, 0.5
524, 6, 3, 4, 0.341336, 0.5
525, 6, 3, 5, 0.3402925, 0.5
526, 6, 3, 6, 0.33820449999999996, 0.5
527, 6, 3, 7, 0.329854, 1.0
528, 6, 3, 8, 0.3340295, 1.0
529, 6, 3, 9, 0.31524050000000003, 1.0
530, 6, 3, 10, 0.31941549999999996, 1.0
531, 6, 4, 1, 0.48225450000000003, 0.5
532, 6, 4, 2, 0.408142, 0.5
533, 6, 4, 3, 0.34864300000000004, 0.5
534, 6, 4, 4, 0.35073099999999996, 1.0
535, 6, 4, 5, 0.3319415, 0.5
536, 6, 4, 6, 0.3246345, 1.0
537, 6, 4, 7, 0.3319415, 1.0
538, 6, 4, 8, 0.3204595, 1.0
539, 6, 4, 9, 0.3319415, 1.0
540, 6, 4, 10, 0.317328, 1.0
541, 6, 5, 1, 0.47807900000000003, 0.5
542, 6, 5, 2, 0.40083500000000005, 0.5
543, 6, 5, 3, 0.3580375, 0.5
544, 6, 5, 4, 0.336117, 0.5
545, 6, 5, 5, 0.34968699999999997, 1.0
546, 6, 5, 6, 0.317328, 0.5
547, 6, 5, 7, 0.32672199999999996, 1.0
548, 6, 5, 8, 0.320459, 1.0
549, 6, 5, 9, 0.322547, 1.0
550, 6, 5, 10, 0.329854, 1.0
551, 6, 6, 1, 0.502088, 0.5
552, 6, 6, 2, 0.4039665, 0.5
553, 6, 6, 3, 0.3716075, 0.5
554, 6, 6, 4, 0.34968699999999997, 0.5
555, 6, 6, 5, 0.335073, 0.5
556, 6, 6, 6, 0.3267225, 0.5
557, 6, 6, 7, 0.3267225, 1.0
558, 6, 6, 8, 0.323591, 1.0
559, 6, 6, 9, 0.3256785, 1.0
560, 6, 6, 10, 0.32672249999999997, 0.5
561, 6, 7, 1, 0.491649, 0.5
562, 6, 7, 2, 0.4102295, 0.5
563, 6, 7, 3, 0.3444675, 0.5
564, 6, 7, 4, 0.3434235, 0.5
565, 6, 7, 5, 0.32881, 1.0
566, 6, 7, 6, 0.3382045, 1.0
567, 6, 7, 7, 0.317328, 1.0
568, 6, 7, 8, 0.330898, 1.0
569, 6, 7, 9, 0.327766, 1.0
570, 6, 7, 10, 0.31941549999999996, 1.0
571, 6, 8, 1, 0.47494749999999997, 0.5
572, 6, 8, 2, 0.394572, 0.5
573, 6, 8, 3, 0.34551149999999997, 0.5
574, 6, 8, 4, 0.34133600000000003, 0.5
575, 6, 8, 5, 0.3173275, 0.5
576, 6, 8, 6, 0.34864300000000004, 1.0
577, 6, 8, 7, 0.31419600000000003, 0.5
578, 6, 8, 8, 0.33298550000000005, 0.5
579, 6, 8, 9, 0.3329855, 1.0
580, 6, 8, 10, 0.3319415, 1.0
581, 6, 9, 1, 0.47912299999999997, 0.5
582, 6, 9, 2, 0.388309, 0.5
583, 6, 9, 3, 0.36952, 0.5
584, 6, 9, 4, 0.33716100000000004, 0.5
585, 6, 9, 5, 0.34864300000000004, 0.5
586, 6, 9, 6, 0.332985, 1.0
587, 6, 9, 7, 0.32881, 1.0
588, 6, 9, 8, 0.32254700000000003, 1.0
589, 6, 9, 9, 0.3382045, 1.0
590, 6, 9, 10, 0.30793349999999997, 1.0
591, 6, 10, 1, 0.494781, 0.5
592, 6, 10, 2, 0.40709850000000003, 0.5
593, 6, 10, 3, 0.34968699999999997, 0.5
594, 6, 10, 4, 0.3528185, 0.5
595, 6, 10, 5, 0.335073, 0.5
596, 6, 10, 6, 0.3329855, 0.5
597, 6, 10, 7, 0.3173275, 1.0
598, 6, 10, 8, 0.32881, 1.0
599, 6, 10, 9, 0.31941549999999996, 1.0
600, 6, 10, 10, 0.330898, 1.0
601, 7, 1, 1, 0.502092, 0.5
602, 7, 1, 2, 0.43096199999999996, 0.5
603, 7, 1, 3, 0.355649, 0.0
604, 7, 1, 4, 0.367155, 0.5
605, 7, 1, 5, 0.337866, 0.5
606, 7, 1, 6, 0.330544, 0.5
607, 7, 1, 7, 0.324268, 0.5
608, 7, 1, 8, 0.341004, 0.5
609, 7, 1, 9, 0.334728, 0.5
610, 7, 1, 10, 0.3242675, 0.5
611, 7, 2, 1, 0.5219665, 0.5
612, 7, 2, 2, 0.43828449999999997, 0.5
613, 7, 2, 3, 0.374477, 0.0
614, 7, 2, 4, 0.3608785, 0.5
615, 7, 2, 5, 0.34205, 0.5
616, 7, 2, 6, 0.355649, 0.5
617, 7, 2, 7, 0.337866, 0.5
618, 7, 2, 8, 0.334728, 1.0
619, 7, 2, 9, 0.3441425, 0.5
620, 7, 2, 10, 0.3158995, 1.0
621, 7, 3, 1, 0.495816, 0.5
622, 7, 3, 2, 0.3870295, 0.5
623, 7, 3, 3, 0.3619245, 0.5
624, 7, 3, 4, 0.3535565, 0.5
625, 7, 3, 5, 0.337866, 0.5
626, 7, 3, 6, 0.34205, 1.0
627, 7, 3, 7, 0.335774, 0.5
628, 7, 3, 8, 0.34623400000000004, 1.0
629, 7, 3, 9, 0.3305435, 0.5
630, 7, 3, 10, 0.34204999999999997, 1.0
631, 7, 4, 1, 0.49790799999999996, 0.5
632, 7, 4, 2, 0.40795000000000003, 0.5
633, 7, 4, 3, 0.358787, 0.5
634, 7, 4, 4, 0.3483265, 0.5
635, 7, 4, 5, 0.35460250000000004, 0.5
636, 7, 4, 6, 0.3483265, 0.5
637, 7, 4, 7, 0.33159, 0.5
638, 7, 4, 8, 0.3284515, 1.0
639, 7, 4, 9, 0.343096, 0.5
640, 7, 4, 10, 0.31066950000000004, 0.5
641, 7, 5, 1, 0.503138, 0.5
642, 7, 5, 2, 0.411088, 0.5
643, 7, 5, 3, 0.365063, 0.5
644, 7, 5, 4, 0.3472805, 0.5
645, 7, 5, 5, 0.345188, 0.5
646, 7, 5, 6, 0.3410045, 0.5
647, 7, 5, 7, 0.3399585, 0.5
648, 7, 5, 8, 0.3274055, 1.0
649, 7, 5, 9, 0.323222, 1.0
650, 7, 5, 10, 0.3253135, 1.0
651, 7, 6, 1, 0.5177825, 0.5
652, 7, 6, 2, 0.3901675, 0.5
653, 7, 6, 3, 0.3828455, 0.5
654, 7, 6, 4, 0.3640165, 0.5
655, 7, 6, 5, 0.3472805, 0.5
656, 7, 6, 6, 0.343096, 1.0
657, 7, 6, 7, 0.329498, 1.0
658, 7, 6, 8, 0.3179915, 1.0
659, 7, 6, 9, 0.33159, 0.5
660, 7, 6, 10, 0.333682, 1.0
661, 7, 7, 1, 0.513598, 0.5
662, 7, 7, 2, 0.41841049999999996, 0.5
663, 7, 7, 3, 0.37970750000000003, 0.5
664, 7, 7, 4, 0.3472805, 0.5
665, 7, 7, 5, 0.3242675, 0.5
666, 7, 7, 6, 0.333682, 0.5
667, 7, 7, 7, 0.332636, 0.5
668, 7, 7, 8, 0.33368200000000003, 0.5
669, 7, 7, 9, 0.32740600000000003, 0.5
670, 7, 7, 10, 0.33159, 1.0
671, 7, 8, 1, 0.5167364999999999, 0.5
672, 7, 8, 2, 0.37552300000000005, 0.5
673, 7, 8, 3, 0.37238499999999997, 0.5
674, 7, 8, 4, 0.3566945, 0.5
675, 7, 8, 5, 0.338912, 0.5
676, 7, 8, 6, 0.3221755, 0.5
677, 7, 8, 7, 0.335774, 0.5
678, 7, 8, 8, 0.329498, 0.5
679, 7, 8, 9, 0.341004, 0.5
680, 7, 8, 10, 0.3242675, 1.0
681, 7, 9, 1, 0.498954, 0.5
682, 7, 9, 2, 0.42363999999999996, 0.5
683, 7, 9, 3, 0.3619245, 0.5
684, 7, 9, 4, 0.3462345, 0.5
685, 7, 9, 5, 0.35669449999999997, 0.5
686, 7, 9, 6, 0.335774, 1.0
687, 7, 9, 7, 0.32636, 0.5
688, 7, 9, 8, 0.335774, 1.0
689, 7, 9, 9, 0.3368205, 0.5
690, 7, 9, 10, 0.3221755, 1.0
691, 7, 10, 1, 0.5062765, 0.5
692, 7, 10, 2, 0.3995815, 0.5
693, 7, 10, 3, 0.371339, 0.5
694, 7, 10, 4, 0.3556485, 0.5
695, 7, 10, 5, 0.341004, 0.5
696, 7, 10, 6, 0.335774, 0.5
697, 7, 10, 7, 0.3242675, 0.5
698, 7, 10, 8, 0.334728, 0.5
699, 7, 10, 9, 0.335774, 0.5
700, 7, 10, 10, 0.3253135, 1.0
701, 8, 1, 1, 0.537736, 0.5
702, 8, 1, 2, 0.4601675, 1.0
703, 8, 1, 3, 0.412998, 1.0
704, 8, 1, 4, 0.40146750000000003, 1.0
705, 8, 1, 5, 0.38888900000000004, 1.0
706, 8, 1, 6, 0.360587, 0.5
707, 8, 1, 7, 0.37106900000000004, 1.0
708, 8, 1, 8, 0.36268350000000005, 1.0
709, 8, 1, 9, 0.37211700000000003, 0.5
710, 8, 1, 10, 0.3679245, 0.5
711, 8, 2, 1, 0.5041925, 0.5
712, 8, 2, 2, 0.4402515, 0.5
713, 8, 2, 3, 0.398323, 0.5
714, 8, 2, 4, 0.3846965, 0.5
715, 8, 2, 5, 0.373166, 0.5
716, 8, 2, 6, 0.36687650000000005, 1.0
717, 8, 2, 7, 0.354298, 1.0
718, 8, 2, 8, 0.36058749999999995, 1.0
719, 8, 2, 9, 0.3532495, 0.5
720, 8, 2, 10, 0.356394, 1.0
721, 8, 3, 1, 0.489518, 0.5
722, 8, 3, 2, 0.419287, 0.5
723, 8, 3, 3, 0.387841, 0.5
724, 8, 3, 4, 0.3867925, 0.5
725, 8, 3, 5, 0.37735850000000004, 0.5
726, 8, 3, 6, 0.36058749999999995, 1.0
727, 8, 3, 7, 0.360587, 1.0
728, 8, 3, 8, 0.3469605, 1.0
729, 8, 3, 9, 0.36163500000000004, 1.0
730, 8, 3, 10, 0.36163500000000004, 1.0
731, 8, 4, 1, 0.4884695, 0.5
732, 8, 4, 2, 0.414046, 0.5
733, 8, 4, 3, 0.39727450000000003, 0.5
734, 8, 4, 4, 0.37316550000000004, 0.5
735, 8, 4, 5, 0.37002100000000004, 0.5
736, 8, 4, 6, 0.3574425, 1.0
737, 8, 4, 7, 0.371069, 1.0
738, 8, 4, 8, 0.36163500000000004, 1.0
739, 8, 4, 9, 0.3490565, 1.0
740, 8, 4, 10, 0.354298, 0.5
741, 8, 5, 1, 0.4989515, 0.5
742, 8, 5, 2, 0.41509450000000003, 0.5
743, 8, 5, 3, 0.39308150000000003, 0.5
744, 8, 5, 4, 0.39203350000000003, 0.5
745, 8, 5, 5, 0.36477950000000003, 0.5
746, 8, 5, 6, 0.35639450000000006, 0.5
747, 8, 5, 7, 0.35953850000000004, 0.5
748, 8, 5, 8, 0.36477950000000003, 0.5
749, 8, 5, 9, 0.37421400000000005, 0.5
750, 8, 5, 10, 0.36582800000000004, 0.5
751, 8, 6, 1, 0.530398, 0.5
752, 8, 6, 2, 0.4308175, 0.5
753, 8, 6, 3, 0.39517800000000003, 0.5
754, 8, 6, 4, 0.383648, 0.5
755, 8, 6, 5, 0.3721175, 0.5
756, 8, 6, 6, 0.3679245, 1.0
757, 8, 6, 7, 0.36478, 0.5
758, 8, 6, 8, 0.37631000000000003, 0.5
759, 8, 6, 9, 0.34800849999999994, 0.5
760, 8, 6, 10, 0.36582800000000004, 0.5
761, 8, 7, 1, 0.5356395, 0.5
762, 8, 7, 2, 0.418239, 0.5
763, 8, 7, 3, 0.4077565, 0.5
764, 8, 7, 4, 0.389937, 0.5
765, 8, 7, 5, 0.37945450000000003, 0.5
766, 8, 7, 6, 0.36687650000000005, 0.5
767, 8, 7, 7, 0.35429750000000004, 0.5
768, 8, 7, 8, 0.35534600000000005, 0.5
769, 8, 7, 9, 0.36478, 0.5
770, 8, 7, 10, 0.34905699999999995, 1.0
771, 8, 8, 1, 0.5167714999999999, 0.5
772, 8, 8, 2, 0.428721, 0.5
773, 8, 8, 3, 0.40566, 0.5
774, 8, 8, 4, 0.3930815, 0.5
775, 8, 8, 5, 0.38469600000000004, 0.5
776, 8, 8, 6, 0.356394, 0.5
777, 8, 8, 7, 0.35534600000000005, 0.5
778, 8, 8, 8, 0.36268350000000005, 0.5
779, 8, 8, 9, 0.36268350000000005, 0.5
780, 8, 8, 10, 0.354298, 0.5
781, 8, 9, 1, 0.546122, 0.5
782, 8, 9, 2, 0.41719100000000003, 0.5
783, 8, 9, 3, 0.39413, 0.5
784, 8, 9, 4, 0.38888900000000004, 0.5
785, 8, 9, 5, 0.3867925, 0.5
786, 8, 9, 6, 0.36582800000000004, 1.0
787, 8, 9, 7, 0.35429750000000004, 0.5
788, 8, 9, 8, 0.35115300000000005, 1.0
789, 8, 9, 9, 0.35953900000000005, 1.0
790, 8, 9, 10, 0.3532495, 0.5
791, 8, 10, 1, 0.5241089999999999, 0.5
792, 8, 10, 2, 0.4297695, 0.5
793, 8, 10, 3, 0.40461250000000004, 0.5
794, 8, 10, 4, 0.37735850000000004, 0.5
795, 8, 10, 5, 0.39413, 0.5
796, 8, 10, 6, 0.36897250000000004, 0.5
797, 8, 10, 7, 0.34800850000000005, 0.5
798, 8, 10, 8, 0.37421400000000005, 0.5
799, 8, 10, 9, 0.34696000000000005, 1.0
800, 8, 10, 10, 0.37002100000000004, 0.5
801, 9, 1, 1, 0.5262055, 0.0
802, 9, 1, 2, 0.43081800000000003, 0.0
803, 9, 1, 3, 0.37631000000000003, 0.0
804, 9, 1, 4, 0.3563945, 0.0
805, 9, 1, 5, 0.3375265, 0.0
806, 9, 1, 6, 0.37421400000000005, 0.5
807, 9, 1, 7, 0.340671, 0.5
808, 9, 1, 8, 0.3280925, 0.0
809, 9, 1, 9, 0.36373199999999994, 0.5
810, 9, 1, 10, 0.3427675, 0.5
811, 9, 2, 1, 0.539832, 0.5
812, 9, 2, 2, 0.41928750000000004, 0.5
813, 9, 2, 3, 0.396226, 0.5
814, 9, 2, 4, 0.34696000000000005, 0.0
815, 9, 2, 5, 0.352201, 0.0
816, 9, 2, 6, 0.35115300000000005, 0.5
817, 9, 2, 7, 0.348008, 0.5
818, 9, 2, 8, 0.350105, 0.5
819, 9, 2, 9, 0.350105, 0.5
820, 9, 2, 10, 0.3532495, 0.5
821, 9, 3, 1, 0.4832285, 0.5
822, 9, 3, 2, 0.4119495, 0.5
823, 9, 3, 3, 0.38574400000000003, 0.5
824, 9, 3, 4, 0.368973, 0.5
825, 9, 3, 5, 0.35115300000000005, 0.5
826, 9, 3, 6, 0.35220149999999995, 0.5
827, 9, 3, 7, 0.345912, 0.5
828, 9, 3, 8, 0.345912, 0.5
829, 9, 3, 9, 0.3427675, 0.5
830, 9, 3, 10, 0.3532495, 0.5
831, 9, 4, 1, 0.49371050000000005, 0.5
832, 9, 4, 2, 0.40356400000000003, 0.5
833, 9, 4, 3, 0.37735850000000004, 0.5
834, 9, 4, 4, 0.360587, 0.5
835, 9, 4, 5, 0.358491, 0.5
836, 9, 4, 6, 0.35010450000000004, 0.5
837, 9, 4, 7, 0.337526, 0.5
838, 9, 4, 8, 0.3343815, 0.5
839, 9, 4, 9, 0.341719, 0.5
840, 9, 4, 10, 0.34800849999999994, 0.5
841, 9, 5, 1, 0.506289, 0.5
842, 9, 5, 2, 0.418239, 0.5
843, 9, 5, 3, 0.37421400000000005, 0.5
844, 9, 5, 4, 0.3658285, 0.5
845, 9, 5, 5, 0.3637315, 0.5
846, 9, 5, 6, 0.360587, 0.5
847, 9, 5, 7, 0.332285, 0.5
848, 9, 5, 8, 0.3511535, 0.5
849, 9, 5, 9, 0.3427675, 0.5
850, 9, 5, 10, 0.337526, 0.5
851, 9, 6, 1, 0.481132, 0.5
852, 9, 6, 2, 0.40775700000000004, 0.5
853, 9, 6, 3, 0.37316550000000004, 0.5
854, 9, 6, 4, 0.35953900000000005, 0.5
855, 9, 6, 5, 0.3658285, 0.5
856, 9, 6, 6, 0.36268350000000005, 0.5
857, 9, 6, 7, 0.35953900000000005, 0.5
858, 9, 6, 8, 0.341719, 0.5
859, 9, 6, 9, 0.3438155, 0.5
860, 9, 6, 10, 0.3385745, 0.5
861, 9, 7, 1, 0.5010485, 0.5
862, 9, 7, 2, 0.427673, 0.5
863, 9, 7, 3, 0.3951785, 0.5
864, 9, 7, 4, 0.3574425, 0.5
865, 9, 7, 5, 0.360587, 0.5
866, 9, 7, 6, 0.35534600000000005, 0.5
867, 9, 7, 7, 0.3511535, 0.5
868, 9, 7, 8, 0.34067100000000006, 0.5
869, 9, 7, 9, 0.3448635, 0.5
870, 9, 7, 10, 0.35429750000000004, 0.5
871, 9, 8, 1, 0.4926625, 0.5
872, 9, 8, 2, 0.4161425, 0.5
873, 9, 8, 3, 0.38260000000000005, 0.5
874, 9, 8, 4, 0.3658285, 0.5
875, 9, 8, 5, 0.35115300000000005, 0.5
876, 9, 8, 6, 0.354298, 0.5
877, 9, 8, 7, 0.351153, 0.5
878, 9, 8, 8, 0.36373200000000006, 0.5
879, 9, 8, 9, 0.3574425, 0.5
880, 9, 8, 10, 0.33543, 0.5
881, 9, 9, 1, 0.4863735, 0.5
882, 9, 9, 2, 0.421384, 0.5
883, 9, 9, 3, 0.3721175, 0.5
884, 9, 9, 4, 0.3721175, 0.5
885, 9, 9, 5, 0.35220149999999995, 0.5
886, 9, 9, 6, 0.36792500000000006, 0.5
887, 9, 9, 7, 0.35220150000000006, 0.5
888, 9, 9, 8, 0.350105, 0.5
889, 9, 9, 9, 0.34800850000000005, 0.5
890, 9, 9, 10, 0.331237, 0.5
891, 9, 10, 1, 0.48951750000000005, 0.5
892, 9, 10, 2, 0.42033550000000003, 0.5
893, 9, 10, 3, 0.38155150000000004, 0.5
894, 9, 10, 4, 0.3532495, 0.5
895, 9, 10, 5, 0.34696000000000005, 0.5
896, 9, 10, 6, 0.3427675, 0.5
897, 9, 10, 7, 0.35953850000000004, 0.5
898, 9, 10, 8, 0.35534600000000005, 0.5
899, 9, 10, 9, 0.33228500000000005, 0.5
900, 9, 10, 10, 0.3280925, 0.5
901, 10, 1, 1, 0.585263, 0.0
902, 10, 1, 2, 0.42736850000000004, 0.0
903, 10, 1, 3, 0.4, 0.0
904, 10, 1, 4, 0.3757895, 0.0
905, 10, 1, 5, 0.376842, 0.0
906, 10, 1, 6, 0.374737, 0.0
907, 10, 1, 7, 0.3726315, 0.0
908, 10, 1, 8, 0.366316, 0.0
909, 10, 1, 9, 0.3610525, 0.0
910, 10, 1, 10, 0.38842099999999996, 0.5
911, 10, 2, 1, 0.593684, 0.0
912, 10, 2, 2, 0.443158, 0.0
913, 10, 2, 3, 0.39473650000000005, 0.0
914, 10, 2, 4, 0.405263, 0.0
915, 10, 2, 5, 0.381053, 0.0
916, 10, 2, 6, 0.3926315, 0.0
917, 10, 2, 7, 0.406316, 0.5
918, 10, 2, 8, 0.35578950000000004, 0.0
919, 10, 2, 9, 0.393684, 0.5
920, 10, 2, 10, 0.4, 0.5
921, 10, 3, 1, 0.5768420000000001, 0.5
922, 10, 3, 2, 0.4684215, 0.5
923, 10, 3, 3, 0.43789449999999996, 0.5
924, 10, 3, 4, 0.40526300000000004, 0.0
925, 10, 3, 5, 0.4157895, 0.5
926, 10, 3, 6, 0.401053, 0.5
927, 10, 3, 7, 0.3936845, 0.5
928, 10, 3, 8, 0.4, 0.5
929, 10, 3, 9, 0.402105, 0.5
930, 10, 3, 10, 0.39684200000000003, 0.5
931, 10, 4, 1, 0.5789475000000001, 0.5
932, 10, 4, 2, 0.48, 0.5
933, 10, 4, 3, 0.4094735, 0.5
934, 10, 4, 4, 0.4210525, 0.5
935, 10, 4, 5, 0.416842, 0.5
936, 10, 4, 6, 0.4063155, 0.5
937, 10, 4, 7, 0.409474, 0.5
938, 10, 4, 8, 0.408421, 0.5
939, 10, 4, 9, 0.40526300000000004, 0.5
940, 10, 4, 10, 0.382105, 0.5
941, 10, 5, 1, 0.5621055, 0.5
942, 10, 5, 2, 0.48210549999999996, 0.0
943, 10, 5, 3, 0.42736850000000004, 0.0
944, 10, 5, 4, 0.4221055, 0.5
945, 10, 5, 5, 0.4052635, 0.5
946, 10, 5, 6, 0.388421, 0.5
947, 10, 5, 7, 0.409474, 0.5
948, 10, 5, 8, 0.3957895, 0.5
949, 10, 5, 9, 0.402105, 0.5
950, 10, 5, 10, 0.410526, 0.5
951, 10, 6, 1, 0.5684210000000001, 0.5
952, 10, 6, 2, 0.483158, 0.5
953, 10, 6, 3, 0.4252635, 0.5
954, 10, 6, 4, 0.4136845, 0.0
955, 10, 6, 5, 0.408421, 0.5
956, 10, 6, 6, 0.39999999999999997, 0.5
957, 10, 6, 7, 0.4105265, 0.5
958, 10, 6, 8, 0.39684200000000003, 0.5
959, 10, 6, 9, 0.417895, 0.5
960, 10, 6, 10, 0.4073685, 0.5
961, 10, 7, 1, 0.571579, 0.5
962, 10, 7, 2, 0.4842105, 0.0
963, 10, 7, 3, 0.43157900000000005, 0.5
964, 10, 7, 4, 0.4231575, 0.5
965, 10, 7, 5, 0.4210525, 0.5
966, 10, 7, 6, 0.403158, 0.5
967, 10, 7, 7, 0.4042105, 0.5
968, 10, 7, 8, 0.4, 0.5
969, 10, 7, 9, 0.396842, 0.5
970, 10, 7, 10, 0.40421050000000003, 0.5
971, 10, 8, 1, 0.5747365, 0.5
972, 10, 8, 2, 0.5042105, 0.5
973, 10, 8, 3, 0.425263, 0.5
974, 10, 8, 4, 0.4105265, 0.5
975, 10, 8, 5, 0.41578950000000003, 0.5
976, 10, 8, 6, 0.397895, 0.5
977, 10, 8, 7, 0.39684200000000003, 0.5
978, 10, 8, 8, 0.3957895, 0.5
979, 10, 8, 9, 0.3989475, 0.5
980, 10, 8, 10, 0.3873685, 0.5
981, 10, 9, 1, 0.5778945, 0.5
982, 10, 9, 2, 0.5042105, 0.5
983, 10, 9, 3, 0.4368425, 0.5
984, 10, 9, 4, 0.41157900000000003, 0.0
985, 10, 9, 5, 0.41157900000000003, 0.5
986, 10, 9, 6, 0.391579, 0.5
987, 10, 9, 7, 0.4, 0.5
988, 10, 9, 8, 0.3968425, 0.5
989, 10, 9, 9, 0.41157900000000003, 0.5
990, 10, 9, 10, 0.3873685, 0.5
991, 10, 10, 1, 0.568421, 0.5
992, 10, 10, 2, 0.48210549999999996, 0.5
993, 10, 10, 3, 0.4263155, 0.5
994, 10, 10, 4, 0.429474, 0.5
995, 10, 10, 5, 0.4178945, 0.5
996, 10, 10, 6, 0.3905265, 0.5
997, 10, 10, 7, 0.4105265, 0.5
998, 10, 10, 8, 0.39789450000000004, 0.5
999, 10, 10, 9, 0.406316, 0.5
1000, 10, 10, 10, 0.386316, 0.5
