1, 1, 1, 1, 0.47812499999999997, 2.0
2, 1, 1, 2, 0.4802085, 1.5
3, 1, 1, 3, 0.5010415, 1.0
4, 1, 1, 4, 0.490625, 2.0
5, 1, 1, 5, 0.48125, 3.0
6, 1, 1, 6, 0.484375, 1.5
7, 1, 1, 7, 0.46666700000000005, 2.0
8, 1, 1, 8, 0.4552085, 1.5
9, 1, 1, 9, 0.49479150000000005, 2.5
10, 1, 1, 10, 0.4666665, 2.5
11, 1, 2, 1, 0.4604165, 2.0
12, 1, 2, 2, 0.484375, 1.5
13, 1, 2, 3, 0.4770835, 2.0
14, 1, 2, 4, 0.475, 1.0
15, 1, 2, 5, 0.5, 1.0
16, 1, 2, 6, 0.48750000000000004, 2.5
17, 1, 2, 7, 0.4885415, 1.0
18, 1, 2, 8, 0.4822915, 1.0
19, 1, 2, 9, 0.476042, 1.5
20, 1, 2, 10, 0.46875, 1.5
21, 1, 3, 1, 0.4885415, 1.5
22, 1, 3, 2, 0.48854200000000003, 2.0
23, 1, 3, 3, 0.484375, 2.0
24, 1, 3, 4, 0.48125, 1.5
25, 1, 3, 5, 0.48020799999999997, 1.0
26, 1, 3, 6, 0.48958349999999995, 1.0
27, 1, 3, 7, 0.46875, 1.5
28, 1, 3, 8, 0.459375, 1.0
29, 1, 3, 9, 0.48645800000000006, 1.0
30, 1, 3, 10, 0.47812499999999997, 2.0
31, 1, 4, 1, 0.47395849999999995, 1.5
32, 1, 4, 2, 0.4739585, 2.0
33, 1, 4, 3, 0.484375, 1.5
34, 1, 4, 4, 0.479167, 1.5
35, 1, 4, 5, 0.48333349999999997, 1.0
36, 1, 4, 6, 0.4802085, 2.5
37, 1, 4, 7, 0.480208, 1.5
38, 1, 4, 8, 0.45625000000000004, 1.0
39, 1, 4, 9, 0.47916649999999994, 1.5
40, 1, 4, 10, 0.48020799999999997, 1.0
41, 1, 5, 1, 0.470833, 1.5
42, 1, 5, 2, 0.48750000000000004, 1.5
43, 1, 5, 3, 0.47395849999999995, 2.5
44, 1, 5, 4, 0.48020850000000004, 1.5
45, 1, 5, 5, 0.47916650000000005, 1.5
46, 1, 5, 6, 0.48020799999999997, 2.0
47, 1, 5, 7, 0.471875, 1.0
48, 1, 5, 8, 0.46875, 1.5
49, 1, 5, 9, 0.46875, 2.0
50, 1, 5, 10, 0.4760415, 1.0
51, 1, 6, 1, 0.482292, 1.5
52, 1, 6, 2, 0.46770849999999997, 1.0
53, 1, 6, 3, 0.47708300000000003, 1.5
54, 1, 6, 4, 0.48124999999999996, 1.5
55, 1, 6, 5, 0.48541650000000003, 2.0
56, 1, 6, 6, 0.47812499999999997, 2.0
57, 1, 6, 7, 0.47291649999999996, 1.5
58, 1, 6, 8, 0.4833335, 1.5
59, 1, 6, 9, 0.4625, 2.5
60, 1, 6, 10, 0.4645835, 1.5
61, 1, 7, 1, 0.489583, 1.0
62, 1, 7, 2, 0.46145800000000003, 1.0
63, 1, 7, 3, 0.494792, 2.0
64, 1, 7, 4, 0.48020799999999997, 1.0
65, 1, 7, 5, 0.478125, 1.5
66, 1, 7, 6, 0.4947915, 1.0
67, 1, 7, 7, 0.47916649999999994, 2.0
68, 1, 7, 8, 0.484375, 2.0
69, 1, 7, 9, 0.47812499999999997, 1.0
70, 1, 7, 10, 0.4822915, 1.0
71, 1, 8, 1, 0.4822915, 1.0
72, 1, 8, 2, 0.49375, 1.0
73, 1, 8, 3, 0.470833, 1.5
74, 1, 8, 4, 0.4760415, 1.5
75, 1, 8, 5, 0.47708300000000003, 2.5
76, 1, 8, 6, 0.47708300000000003, 1.0
77, 1, 8, 7, 0.473958, 1.0
78, 1, 8, 8, 0.4875, 2.0
79, 1, 8, 9, 0.4708335, 1.0
80, 1, 8, 10, 0.48020850000000004, 1.0
81, 1, 9, 1, 0.47187500000000004, 1.0
82, 1, 9, 2, 0.48541650000000003, 2.0
83, 1, 9, 3, 0.484375, 1.0
84, 1, 9, 4, 0.4864585, 1.0
85, 1, 9, 5, 0.5104165, 1.5
86, 1, 9, 6, 0.46458350000000004, 2.0
87, 1, 9, 7, 0.47604199999999997, 1.5
88, 1, 9, 8, 0.4729165, 2.0
89, 1, 9, 9, 0.47916650000000005, 1.5
90, 1, 9, 10, 0.4822915, 1.0
91, 1, 10, 1, 0.48750000000000004, 2.0
92, 1, 10, 2, 0.4885415, 2.0
93, 1, 10, 3, 0.49375, 2.5
94, 1, 10, 4, 0.4916665, 1.5
95, 1, 10, 5, 0.470833, 2.0
96, 1, 10, 6, 0.48333349999999997, 1.5
97, 1, 10, 7, 0.4666665, 1.5
98, 1, 10, 8, 0.48854149999999996, 1.5
99, 1, 10, 9, 0.4729165, 2.0
100, 1, 10, 10, 0.479167, 2.5
101, 2, 1, 1, 0.525, 0.5
102, 2, 1, 2, 0.515625, 0.0
103, 2, 1, 3, 0.5249999999999999, 0.0
104, 2, 1, 4, 0.5052085, 0.0
105, 2, 1, 5, 0.5270835, 0.0
106, 2, 1, 6, 0.5062500000000001, 0.5
107, 2, 1, 7, 0.5229165, 0.0
108, 2, 1, 8, 0.5083335, 0.0
109, 2, 1, 9, 0.5177085, 0.5
110, 2, 1, 10, 0.525, 0.5
111, 2, 2, 1, 0.525, 0.0
112, 2, 2, 2, 0.53125, 0.5
113, 2, 2, 3, 0.536458, 0.0
114, 2, 2, 4, 0.5072915, 0.0
115, 2, 2, 5, 0.5291665, 1.0
116, 2, 2, 6, 0.51875, 0.0
117, 2, 2, 7, 0.532292, 0.0
118, 2, 2, 8, 0.5322915, 1.0
119, 2, 2, 9, 0.5197915, 0.0
120, 2, 2, 10, 0.5135415, 0.0
121, 2, 3, 1, 0.5354165, 0.0
122, 2, 3, 2, 0.5302085, 1.5
123, 2, 3, 3, 0.5114585, 0.5
124, 2, 3, 4, 0.521875, 0.5
125, 2, 3, 5, 0.5145835, 0.5
126, 2, 3, 6, 0.51875, 0.5
127, 2, 3, 7, 0.525, 1.0
128, 2, 3, 8, 0.513542, 1.0
129, 2, 3, 9, 0.5062500000000001, 0.5
130, 2, 3, 10, 0.5125, 0.0
131, 2, 4, 1, 0.5333335, 0.5
132, 2, 4, 2, 0.534375, 1.5
133, 2, 4, 3, 0.521875, 1.5
134, 2, 4, 4, 0.5229165, 0.5
135, 2, 4, 5, 0.5322915, 0.0
136, 2, 4, 6, 0.536458, 0.0
137, 2, 4, 7, 0.5177085, 1.0
138, 2, 4, 8, 0.530208, 0.0
139, 2, 4, 9, 0.516667, 0.0
140, 2, 4, 10, 0.5208335, 0.5
141, 2, 5, 1, 0.521875, 0.5
142, 2, 5, 2, 0.50625, 0.5
143, 2, 5, 3, 0.51875, 0.0
144, 2, 5, 4, 0.525, 0.0
145, 2, 5, 5, 0.51875, 1.0
146, 2, 5, 6, 0.528125, 0.5
147, 2, 5, 7, 0.521875, 0.5
148, 2, 5, 8, 0.5177085, 1.0
149, 2, 5, 9, 0.528125, 1.0
150, 2, 5, 10, 0.5072915, 1.0
151, 2, 6, 1, 0.5291669999999999, 0.0
152, 2, 6, 2, 0.508333, 0.0
153, 2, 6, 3, 0.5166664999999999, 0.0
154, 2, 6, 4, 0.509375, 0.0
155, 2, 6, 5, 0.527083, 0.5
156, 2, 6, 6, 0.521875, 1.0
157, 2, 6, 7, 0.5229165, 0.5
158, 2, 6, 8, 0.515625, 1.0
159, 2, 6, 9, 0.534375, 1.0
160, 2, 6, 10, 0.523958, 0.0
161, 2, 7, 1, 0.5354165, 0.0
162, 2, 7, 2, 0.5104165, 0.0
163, 2, 7, 3, 0.5333335, 0.0
164, 2, 7, 4, 0.5291665, 0.0
165, 2, 7, 5, 0.5260415, 0.0
166, 2, 7, 6, 0.528125, 0.5
167, 2, 7, 7, 0.534375, 0.0
168, 2, 7, 8, 0.5354165, 0.0
169, 2, 7, 9, 0.5333335, 0.5
170, 2, 7, 10, 0.5260414999999999, 1.0
171, 2, 8, 1, 0.528125, 0.5
172, 2, 8, 2, 0.538542, 0.0
173, 2, 8, 3, 0.5052085, 1.0
174, 2, 8, 4, 0.5270835, 1.0
175, 2, 8, 5, 0.5177085, 1.5
176, 2, 8, 6, 0.5333335, 1.0
177, 2, 8, 7, 0.508333, 0.0
178, 2, 8, 8, 0.5291665, 1.5
179, 2, 8, 9, 0.515625, 0.0
180, 2, 8, 10, 0.523958, 0.0
181, 2, 9, 1, 0.5260415, 1.0
182, 2, 9, 2, 0.5208335000000001, 1.0
183, 2, 9, 3, 0.5291665, 1.5
184, 2, 9, 4, 0.5260415, 0.5
185, 2, 9, 5, 0.53125, 0.0
186, 2, 9, 6, 0.5395835, 0.0
187, 2, 9, 7, 0.530208, 1.0
188, 2, 9, 8, 0.5104165, 1.0
189, 2, 9, 9, 0.5083335, 1.0
190, 2, 9, 10, 0.5302085, 0.5
191, 2, 10, 1, 0.5062500000000001, 0.0
192, 2, 10, 2, 0.5364585, 0.0
193, 2, 10, 3, 0.5229165, 0.5
194, 2, 10, 4, 0.534375, 0.0
195, 2, 10, 5, 0.522917, 0.5
196, 2, 10, 6, 0.5375, 1.0
197, 2, 10, 7, 0.5239585, 1.0
198, 2, 10, 8, 0.5322915, 0.0
199, 2, 10, 9, 0.521875, 1.0
200, 2, 10, 10, 0.509375, 0.5
201, 3, 1, 1, 0.5322914999999999, 0.0
202, 3, 1, 2, 0.553125, 0.0
203, 3, 1, 3, 0.559375, 0.0
204, 3, 1, 4, 0.5739585, 0.0
205, 3, 1, 5, 0.542708, 0.0
206, 3, 1, 6, 0.5479165, 0.0
207, 3, 1, 7, 0.5625, 0.0
208, 3, 1, 8, 0.5760415, 0.0
209, 3, 1, 9, 0.565625, 0.0
210, 3, 1, 10, 0.5583335, 0.0
211, 3, 2, 1, 0.552083, 0.0
212, 3, 2, 2, 0.557292, 0.0
213, 3, 2, 3, 0.5604165, 0.0
214, 3, 2, 4, 0.5645835, 0.0
215, 3, 2, 5, 0.5552085, 0.0
216, 3, 2, 6, 0.547917, 0.0
217, 3, 2, 7, 0.55625, 0.0
218, 3, 2, 8, 0.546875, 0.0
219, 3, 2, 9, 0.5604165, 0.0
220, 3, 2, 10, 0.546875, 0.0
221, 3, 3, 1, 0.553125, 0.0
222, 3, 3, 2, 0.5625, 0.0
223, 3, 3, 3, 0.5625, 0.0
224, 3, 3, 4, 0.5520835000000001, 0.0
225, 3, 3, 5, 0.5635415, 0.0
226, 3, 3, 6, 0.55, 0.0
227, 3, 3, 7, 0.5718749999999999, 0.0
228, 3, 3, 8, 0.5604169999999999, 0.0
229, 3, 3, 9, 0.5614585, 0.0
230, 3, 3, 10, 0.55625, 0.0
231, 3, 4, 1, 0.5635415, 0.0
232, 3, 4, 2, 0.5708329999999999, 0.0
233, 3, 4, 3, 0.553125, 0.0
234, 3, 4, 4, 0.559375, 0.0
235, 3, 4, 5, 0.5625, 0.0
236, 3, 4, 6, 0.5541670000000001, 0.0
237, 3, 4, 7, 0.538542, 0.0
238, 3, 4, 8, 0.5583335, 0.0
239, 3, 4, 9, 0.5354165, 0.0
240, 3, 4, 10, 0.54375, 0.0
241, 3, 5, 1, 0.5708335, 0.0
242, 3, 5, 2, 0.5552085, 0.0
243, 3, 5, 3, 0.5625, 0.0
244, 3, 5, 4, 0.573958, 0.0
245, 3, 5, 5, 0.5625, 0.0
246, 3, 5, 6, 0.565625, 0.0
247, 3, 5, 7, 0.5572915, 0.0
248, 3, 5, 8, 0.5645830000000001, 0.0
249, 3, 5, 9, 0.5510415, 0.0
250, 3, 5, 10, 0.5572915, 0.0
251, 3, 6, 1, 0.5447915, 0.0
252, 3, 6, 2, 0.5479164999999999, 0.0
253, 3, 6, 3, 0.5510415, 0.0
254, 3, 6, 4, 0.5604165, 0.0
255, 3, 6, 5, 0.5541665, 0.0
256, 3, 6, 6, 0.5718749999999999, 0.0
257, 3, 6, 7, 0.536458, 0.0
258, 3, 6, 8, 0.5718749999999999, 0.0
259, 3, 6, 9, 0.5708329999999999, 0.0
260, 3, 6, 10, 0.55625, 0.0
261, 3, 7, 1, 0.553125, 0.0
262, 3, 7, 2, 0.55625, 0.0
263, 3, 7, 3, 0.5677085, 0.0
264, 3, 7, 4, 0.559375, 0.0
265, 3, 7, 5, 0.559375, 0.0
266, 3, 7, 6, 0.5604169999999999, 0.0
267, 3, 7, 7, 0.54375, 0.0
268, 3, 7, 8, 0.5833335, 0.0
269, 3, 7, 9, 0.5645830000000001, 0.0
270, 3, 7, 10, 0.546875, 0.0
271, 3, 8, 1, 0.56875, 0.0
272, 3, 8, 2, 0.557292, 0.0
273, 3, 8, 3, 0.5552085, 0.0
274, 3, 8, 4, 0.55625, 0.0
275, 3, 8, 5, 0.545833, 0.0
276, 3, 8, 6, 0.552083, 0.0
277, 3, 8, 7, 0.563542, 0.0
278, 3, 8, 8, 0.546875, 0.0
279, 3, 8, 9, 0.5583335, 0.0
280, 3, 8, 10, 0.5604165000000001, 0.0
281, 3, 9, 1, 0.565625, 0.0
282, 3, 9, 2, 0.55625, 0.0
283, 3, 9, 3, 0.552083, 1.0
284, 3, 9, 4, 0.5614585000000001, 0.0
285, 3, 9, 5, 0.572917, 0.0
286, 3, 9, 6, 0.554167, 0.0
287, 3, 9, 7, 0.55625, 0.0
288, 3, 9, 8, 0.5489585, 0.0
289, 3, 9, 9, 0.5552085, 0.0
290, 3, 9, 10, 0.5552085, 0.0
291, 3, 10, 1, 0.5583335, 0.0
292, 3, 10, 2, 0.5729165, 0.0
293, 3, 10, 3, 0.567708, 0.0
294, 3, 10, 4, 0.542708, 0.0
295, 3, 10, 5, 0.5614585, 0.0
296, 3, 10, 6, 0.5708335, 0.0
297, 3, 10, 7, 0.557292, 0.0
298, 3, 10, 8, 0.5520835, 0.0
299, 3, 10, 9, 0.54375, 0.0
300, 3, 10, 10, 0.5645834999999999, 0.0
301, 4, 1, 1, 0.577083, 0.0
302, 4, 1, 2, 0.5739585, 0.0
303, 4, 1, 3, 0.583333, 0.0
304, 4, 1, 4, 0.5885415, 0.0
305, 4, 1, 5, 0.5708335, 0.0
306, 4, 1, 6, 0.591667, 0.0
307, 4, 1, 7, 0.5864579999999999, 0.0
308, 4, 1, 8, 0.5927085000000001, 0.0
309, 4, 1, 9, 0.590625, 0.0
310, 4, 1, 10, 0.56875, 0.0
311, 4, 2, 1, 0.5874999999999999, 0.0
312, 4, 2, 2, 0.5802085, 0.0
313, 4, 2, 3, 0.5822915, 0.0
314, 4, 2, 4, 0.596875, 0.0
315, 4, 2, 5, 0.5895835, 0.0
316, 4, 2, 6, 0.5604165, 0.0
317, 4, 2, 7, 0.5760415, 0.0
318, 4, 2, 8, 0.5802085, 0.0
319, 4, 2, 9, 0.58125, 0.0
320, 4, 2, 10, 0.575, 0.0
321, 4, 3, 1, 0.577083, 0.0
322, 4, 3, 2, 0.5687500000000001, 0.0
323, 4, 3, 3, 0.590625, 0.0
324, 4, 3, 4, 0.579167, 0.0
325, 4, 3, 5, 0.5875, 0.0
326, 4, 3, 6, 0.58125, 0.0
327, 4, 3, 7, 0.5864585, 0.0
328, 4, 3, 8, 0.5843750000000001, 0.0
329, 4, 3, 9, 0.578125, 0.0
330, 4, 3, 10, 0.5770835000000001, 0.0
331, 4, 4, 1, 0.584375, 0.0
332, 4, 4, 2, 0.5739585, 0.0
333, 4, 4, 3, 0.5760415, 0.0
334, 4, 4, 4, 0.5677085, 0.0
335, 4, 4, 5, 0.584375, 0.0
336, 4, 4, 6, 0.6052085, 0.0
337, 4, 4, 7, 0.5833335, 0.0
338, 4, 4, 8, 0.5947914999999999, 1.0
339, 4, 4, 9, 0.579167, 0.0
340, 4, 4, 10, 0.5979165, 0.0
341, 4, 5, 1, 0.5854165, 0.0
342, 4, 5, 2, 0.5958335, 0.0
343, 4, 5, 3, 0.603125, 0.0
344, 4, 5, 4, 0.5739585, 0.0
345, 4, 5, 5, 0.578125, 0.0
346, 4, 5, 6, 0.576042, 0.0
347, 4, 5, 7, 0.59375, 0.0
348, 4, 5, 8, 0.5833335, 0.0
349, 4, 5, 9, 0.5843750000000001, 0.0
350, 4, 5, 10, 0.5875, 0.0
351, 4, 6, 1, 0.590625, 0.0
352, 4, 6, 2, 0.5927085000000001, 0.0
353, 4, 6, 3, 0.5864579999999999, 0.0
354, 4, 6, 4, 0.5864585, 0.0
355, 4, 6, 5, 0.5947914999999999, 0.0
356, 4, 6, 6, 0.5885415, 0.0
357, 4, 6, 7, 0.596875, 0.0
358, 4, 6, 8, 0.5770835000000001, 0.0
359, 4, 6, 9, 0.5843750000000001, 0.0
360, 4, 6, 10, 0.5802085, 0.0
361, 4, 7, 1, 0.5947914999999999, 0.0
362, 4, 7, 2, 0.5729165, 0.0
363, 4, 7, 3, 0.582292, 0.0
364, 4, 7, 4, 0.5874999999999999, 0.0
365, 4, 7, 5, 0.598958, 0.0
366, 4, 7, 6, 0.5760415, 0.0
367, 4, 7, 7, 0.5770835000000001, 0.0
368, 4, 7, 8, 0.5958335, 0.0
369, 4, 7, 9, 0.5916665, 0.0
370, 4, 7, 10, 0.5802085, 0.0
371, 4, 8, 1, 0.5947914999999999, 0.0
372, 4, 8, 2, 0.5833335, 0.0
373, 4, 8, 3, 0.589583, 0.0
374, 4, 8, 4, 0.578125, 0.0
375, 4, 8, 5, 0.5864585, 0.0
376, 4, 8, 6, 0.5791664999999999, 0.0
377, 4, 8, 7, 0.584375, 0.0
378, 4, 8, 8, 0.592708, 0.0
379, 4, 8, 9, 0.5864585, 0.0
380, 4, 8, 10, 0.584375, 0.0
381, 4, 9, 1, 0.5791664999999999, 0.0
382, 4, 9, 2, 0.577083, 0.0
383, 4, 9, 3, 0.5770835000000001, 0.0
384, 4, 9, 4, 0.590625, 0.0
385, 4, 9, 5, 0.5854165, 0.0
386, 4, 9, 6, 0.571875, 0.0
387, 4, 9, 7, 0.5947914999999999, 0.0
388, 4, 9, 8, 0.584375, 0.0
389, 4, 9, 9, 0.5864579999999999, 0.0
390, 4, 9, 10, 0.571875, 0.0
391, 4, 10, 1, 0.5791664999999999, 0.0
392, 4, 10, 2, 0.592708, 0.0
393, 4, 10, 3, 0.5885415, 0.0
394, 4, 10, 4, 0.5989585, 0.0
395, 4, 10, 5, 0.5791664999999999, 0.0
396, 4, 10, 6, 0.5843750000000001, 0.0
397, 4, 10, 7, 0.596875, 0.0
398, 4, 10, 8, 0.5875, 0.0
399, 4, 10, 9, 0.5885415, 0.0
400, 4, 10, 10, 0.58125, 0.0
401, 5, 1, 1, 0.637787, 0.0
402, 5, 1, 2, 0.626305, 0.0
403, 5, 1, 3, 0.6450940000000001, 0.0
404, 5, 1, 4, 0.638831, 0.0
405, 5, 1, 5, 0.621086, 0.0
406, 5, 1, 6, 0.6221295, 0.0
407, 5, 1, 7, 0.6346555, 0.0
408, 5, 1, 8, 0.651357, 0.0
409, 5, 1, 9, 0.6367430000000001, 0.0
410, 5, 1, 10, 0.6356995, 0.0
411, 5, 2, 1, 0.620042, 0.0
412, 5, 2, 2, 0.639875, 0.0
413, 5, 2, 3, 0.637787, 0.0
414, 5, 2, 4, 0.638831, 0.0
415, 5, 2, 5, 0.6534445, 0.0
416, 5, 2, 6, 0.6346555, 0.0
417, 5, 2, 7, 0.6419625, 0.0
418, 5, 2, 8, 0.632568, 0.0
419, 5, 2, 9, 0.6273485, 0.0
420, 5, 2, 10, 0.6482254999999999, 0.0
421, 5, 3, 1, 0.63048, 0.0
422, 5, 3, 2, 0.6492694999999999, 0.0
423, 5, 3, 3, 0.6430065, 0.0
424, 5, 3, 4, 0.6356995000000001, 0.0
425, 5, 3, 5, 0.6367430000000001, 0.0
426, 5, 3, 6, 0.6419625, 0.0
427, 5, 3, 7, 0.6409185, 0.0
428, 5, 3, 8, 0.637787, 0.0
429, 5, 3, 9, 0.652401, 0.0
430, 5, 3, 10, 0.6356995000000001, 0.0
431, 5, 4, 1, 0.637787, 0.0
432, 5, 4, 2, 0.6273485, 0.0
433, 5, 4, 3, 0.63048, 0.0
434, 5, 4, 4, 0.6273489999999999, 0.0
435, 5, 4, 5, 0.6336115, 0.0
436, 5, 4, 6, 0.639875, 0.0
437, 5, 4, 7, 0.6304799999999999, 0.0
438, 5, 4, 8, 0.651357, 0.0
439, 5, 4, 9, 0.6419625, 0.0
440, 5, 4, 10, 0.629436, 0.0
441, 5, 5, 1, 0.6336115, 0.0
442, 5, 5, 2, 0.64405, 0.0
443, 5, 5, 3, 0.620042, 0.0
444, 5, 5, 4, 0.6336120000000001, 0.0
445, 5, 5, 5, 0.626305, 0.0
446, 5, 5, 6, 0.6377870000000001, 0.0
447, 5, 5, 7, 0.620042, 0.0
448, 5, 5, 8, 0.617954, 0.0
449, 5, 5, 9, 0.6336115, 0.0
450, 5, 5, 10, 0.6304805, 0.0
451, 5, 6, 1, 0.6377870000000001, 0.0
452, 5, 6, 2, 0.6430065, 0.0
453, 5, 6, 3, 0.6210855, 0.0
454, 5, 6, 4, 0.632568, 0.0
455, 5, 6, 5, 0.621086, 0.0
456, 5, 6, 6, 0.635699, 0.0
457, 5, 6, 7, 0.623173, 0.0
458, 5, 6, 8, 0.6409185, 0.0
459, 5, 6, 9, 0.6263045, 0.0
460, 5, 6, 10, 0.6346555, 0.0
461, 5, 7, 1, 0.6336115, 0.0
462, 5, 7, 2, 0.639875, 0.0
463, 5, 7, 3, 0.639875, 0.0
464, 5, 7, 4, 0.6409185, 0.0
465, 5, 7, 5, 0.6419625, 0.0
466, 5, 7, 6, 0.6273489999999999, 0.0
467, 5, 7, 7, 0.6450940000000001, 0.0
468, 5, 7, 8, 0.6304805, 0.0
469, 5, 7, 9, 0.6336120000000001, 0.0
470, 5, 7, 10, 0.6461380000000001, 0.0
471, 5, 8, 1, 0.6450940000000001, 0.0
472, 5, 8, 2, 0.6450940000000001, 0.0
473, 5, 8, 3, 0.631524, 0.0
474, 5, 8, 4, 0.638831, 0.0
475, 5, 8, 5, 0.6367435, 0.0
476, 5, 8, 6, 0.6356995000000001, 0.0
477, 5, 8, 7, 0.623173, 0.0
478, 5, 8, 8, 0.6294365, 0.0
479, 5, 8, 9, 0.639875, 0.0
480, 5, 8, 10, 0.6346555, 0.0
481, 5, 9, 1, 0.643006, 0.0
482, 5, 9, 2, 0.6189979999999999, 0.0
483, 5, 9, 3, 0.6482255, 0.0
484, 5, 9, 4, 0.6482254999999999, 0.0
485, 5, 9, 5, 0.638831, 0.0
486, 5, 9, 6, 0.6503129999999999, 0.0
487, 5, 9, 7, 0.631524, 0.0
488, 5, 9, 8, 0.6304805, 0.0
489, 5, 9, 9, 0.639875, 0.0
490, 5, 9, 10, 0.6398744999999999, 0.0
491, 5, 10, 1, 0.631524, 0.0
492, 5, 10, 2, 0.638831, 0.0
493, 5, 10, 3, 0.632568, 0.0
494, 5, 10, 4, 0.6450940000000001, 0.0
495, 5, 10, 5, 0.6304799999999999, 0.0
496, 5, 10, 6, 0.6419625, 0.0
497, 5, 10, 7, 0.64405, 0.0
498, 5, 10, 8, 0.6409185, 0.0
499, 5, 10, 9, 0.6492694999999999, 0.0
500, 5, 10, 10, 0.6398745, 0.0
501, 6, 1, 1, 0.653445, 0.0
502, 6, 1, 2, 0.6388309999999999, 0.0
503, 6, 1, 3, 0.655532, 0.0
504, 6, 1, 4, 0.6503129999999999, 0.0
505, 6, 1, 5, 0.6482255, 0.0
506, 6, 1, 6, 0.6586639999999999, 0.0
507, 6, 1, 7, 0.6597075, 0.0
508, 6, 1, 8, 0.6586639999999999, 0.0
509, 6, 1, 9, 0.65762, 0.0
510, 6, 1, 10, 0.656576, 0.0
511, 6, 2, 1, 0.632568, 0.0
512, 6, 2, 2, 0.6482255, 0.0
513, 6, 2, 3, 0.651357, 0.0
514, 6, 2, 4, 0.651357, 0.0
515, 6, 2, 5, 0.6617955, 0.0
516, 6, 2, 6, 0.64405, 0.0
517, 6, 2, 7, 0.6471819999999999, 0.0
518, 6, 2, 8, 0.6503129999999999, 0.0
519, 6, 2, 9, 0.6586639999999999, 0.0
520, 6, 2, 10, 0.656576, 0.0
521, 6, 3, 1, 0.6680585, 0.0
522, 6, 3, 2, 0.6346555, 0.0
523, 6, 3, 3, 0.6471819999999999, 0.0
524, 6, 3, 4, 0.632568, 0.0
525, 6, 3, 5, 0.646138, 0.0
526, 6, 3, 6, 0.646138, 0.0
527, 6, 3, 7, 0.651357, 0.0
528, 6, 3, 8, 0.6482255, 0.0
529, 6, 3, 9, 0.6409185, 0.0
530, 6, 3, 10, 0.64405, 0.0
531, 6, 4, 1, 0.6367434999999999, 0.0
532, 6, 4, 2, 0.651357, 0.0
533, 6, 4, 3, 0.650313, 0.0
534, 6, 4, 4, 0.6482255, 0.0
535, 6, 4, 5, 0.6471815, 0.0
536, 6, 4, 6, 0.6524004999999999, 0.0
537, 6, 4, 7, 0.6367430000000001, 0.0
538, 6, 4, 8, 0.6597075, 0.0
539, 6, 4, 9, 0.672234, 0.0
540, 6, 4, 10, 0.651357, 0.0
541, 6, 5, 1, 0.6450935, 0.0
542, 6, 5, 2, 0.6482254999999999, 0.0
543, 6, 5, 3, 0.641962, 0.0
544, 6, 5, 4, 0.65762, 0.0
545, 6, 5, 5, 0.6461375, 0.0
546, 6, 5, 6, 0.651357, 0.0
547, 6, 5, 7, 0.6471815000000001, 0.0
548, 6, 5, 8, 0.64405, 0.0
549, 6, 5, 9, 0.6482254999999999, 0.0
550, 6, 5, 10, 0.6398745, 0.0
551, 6, 6, 1, 0.6503129999999999, 0.0
552, 6, 6, 2, 0.6471815000000001, 0.0
553, 6, 6, 3, 0.632568, 0.0
554, 6, 6, 4, 0.6356995, 0.0
555, 6, 6, 5, 0.649269, 0.0
556, 6, 6, 6, 0.6482254999999999, 0.0
557, 6, 6, 7, 0.6607514999999999, 0.0
558, 6, 6, 8, 0.6565764999999999, 0.0
559, 6, 6, 9, 0.64405, 0.0
560, 6, 6, 10, 0.6346555, 0.0
561, 6, 7, 1, 0.6471815000000001, 0.0
562, 6, 7, 2, 0.6503129999999999, 0.0
563, 6, 7, 3, 0.6461375, 0.0
564, 6, 7, 4, 0.646138, 0.0
565, 6, 7, 5, 0.643006, 0.0
566, 6, 7, 6, 0.6544885, 0.0
567, 6, 7, 7, 0.651357, 0.0
568, 6, 7, 8, 0.65762, 0.0
569, 6, 7, 9, 0.6346555, 0.0
570, 6, 7, 10, 0.64405, 0.0
571, 6, 8, 1, 0.653445, 0.0
572, 6, 8, 2, 0.64405, 0.0
573, 6, 8, 3, 0.6649265, 0.0
574, 6, 8, 4, 0.646138, 0.0
575, 6, 8, 5, 0.656576, 0.0
576, 6, 8, 6, 0.6617955, 0.0
577, 6, 8, 7, 0.649269, 0.0
578, 6, 8, 8, 0.6544885, 0.0
579, 6, 8, 9, 0.6367430000000001, 0.5
580, 6, 8, 10, 0.656576, 0.0
581, 6, 9, 1, 0.646138, 0.0
582, 6, 9, 2, 0.64405, 0.0
583, 6, 9, 3, 0.6482255, 0.0
584, 6, 9, 4, 0.64405, 0.0
585, 6, 9, 5, 0.646138, 0.0
586, 6, 9, 6, 0.6555325, 0.0
587, 6, 9, 7, 0.65762, 0.0
588, 6, 9, 8, 0.651357, 0.0
589, 6, 9, 9, 0.6450940000000001, 0.0
590, 6, 9, 10, 0.639875, 0.0
591, 6, 10, 1, 0.650313, 0.0
592, 6, 10, 2, 0.6409185, 0.0
593, 6, 10, 3, 0.651357, 0.0
594, 6, 10, 4, 0.6398745, 0.0
595, 6, 10, 5, 0.653445, 0.0
596, 6, 10, 6, 0.6388309999999999, 0.0
597, 6, 10, 7, 0.651357, 0.0
598, 6, 10, 8, 0.6492694999999999, 0.0
599, 6, 10, 9, 0.6398745, 0.0
600, 6, 10, 10, 0.6607514999999999, 0.0
601, 7, 1, 1, 0.660042, 0.0
602, 7, 1, 2, 0.664226, 0.0
603, 7, 1, 3, 0.6631800000000001, 0.0
604, 7, 1, 4, 0.66841, 0.0
605, 7, 1, 5, 0.666318, 0.0
606, 7, 1, 6, 0.672594, 0.0
607, 7, 1, 7, 0.6558575, 0.0
608, 7, 1, 8, 0.6725939999999999, 0.0
609, 7, 1, 9, 0.6579495, 0.0
610, 7, 1, 10, 0.6453975, 0.0
611, 7, 2, 1, 0.6506275, 0.0
612, 7, 2, 2, 0.662134, 0.0
613, 7, 2, 3, 0.660042, 0.0
614, 7, 2, 4, 0.6548115, 0.0
615, 7, 2, 5, 0.662134, 0.0
616, 7, 2, 6, 0.6464435, 0.0
617, 7, 2, 7, 0.6537655, 0.0
618, 7, 2, 8, 0.6548115, 0.0
619, 7, 2, 9, 0.6589955000000001, 0.0
620, 7, 2, 10, 0.6610879999999999, 0.0
621, 7, 3, 1, 0.658996, 0.0
622, 7, 3, 2, 0.6673640000000001, 0.0
623, 7, 3, 3, 0.6631800000000001, 0.0
624, 7, 3, 4, 0.6485354999999999, 0.0
625, 7, 3, 5, 0.6631800000000001, 0.0
626, 7, 3, 6, 0.6527195, 0.0
627, 7, 3, 7, 0.6569035000000001, 0.0
628, 7, 3, 8, 0.664226, 0.0
629, 7, 3, 9, 0.664226, 0.0
630, 7, 3, 10, 0.6548115, 0.0
631, 7, 4, 1, 0.6537655, 0.0
632, 7, 4, 2, 0.662134, 0.0
633, 7, 4, 3, 0.6474895, 0.0
634, 7, 4, 4, 0.662134, 0.0
635, 7, 4, 5, 0.6527195, 0.0
636, 7, 4, 6, 0.6516735, 0.0
637, 7, 4, 7, 0.6652720000000001, 0.0
638, 7, 4, 8, 0.66318, 0.0
639, 7, 4, 9, 0.664226, 0.0
640, 7, 4, 10, 0.670502, 0.0
641, 7, 5, 1, 0.677824, 0.0
642, 7, 5, 2, 0.6464435, 0.0
643, 7, 5, 3, 0.661088, 0.0
644, 7, 5, 4, 0.65795, 0.0
645, 7, 5, 5, 0.661088, 0.0
646, 7, 5, 6, 0.6537655, 0.0
647, 7, 5, 7, 0.667364, 0.0
648, 7, 5, 8, 0.6516735, 0.0
649, 7, 5, 9, 0.662134, 0.0
650, 7, 5, 10, 0.6453975, 0.0
651, 7, 6, 1, 0.67364, 0.0
652, 7, 6, 2, 0.6579495, 0.0
653, 7, 6, 3, 0.6495815, 0.0
654, 7, 6, 4, 0.6820085, 0.0
655, 7, 6, 5, 0.6485355, 0.0
656, 7, 6, 6, 0.660042, 0.0
657, 7, 6, 7, 0.665272, 0.0
658, 7, 6, 8, 0.6401675, 0.0
659, 7, 6, 9, 0.67364, 0.0
660, 7, 6, 10, 0.665272, 0.0
661, 7, 7, 1, 0.6548115000000001, 0.0
662, 7, 7, 2, 0.661088, 0.0
663, 7, 7, 3, 0.6516735, 0.0
664, 7, 7, 4, 0.667364, 0.0
665, 7, 7, 5, 0.664226, 0.0
666, 7, 7, 6, 0.67364, 0.0
667, 7, 7, 7, 0.674686, 0.0
668, 7, 7, 8, 0.65795, 0.0
669, 7, 7, 9, 0.6485355, 0.0
670, 7, 7, 10, 0.6558575, 0.0
671, 7, 8, 1, 0.666318, 0.0
672, 7, 8, 2, 0.6527194999999999, 0.0
673, 7, 8, 3, 0.661088, 0.0
674, 7, 8, 4, 0.6485354999999999, 0.0
675, 7, 8, 5, 0.6537655, 0.0
676, 7, 8, 6, 0.6673640000000001, 0.0
677, 7, 8, 7, 0.662134, 0.0
678, 7, 8, 8, 0.662134, 0.0
679, 7, 8, 9, 0.6443515, 0.0
680, 7, 8, 10, 0.660042, 0.0
681, 7, 9, 1, 0.66318, 0.0
682, 7, 9, 2, 0.6558575, 0.0
683, 7, 9, 3, 0.6631800000000001, 0.0
684, 7, 9, 4, 0.662134, 0.0
685, 7, 9, 5, 0.666318, 0.0
686, 7, 9, 6, 0.6569035000000001, 0.0
687, 7, 9, 7, 0.666318, 0.0
688, 7, 9, 8, 0.664226, 0.0
689, 7, 9, 9, 0.6443515, 0.0
690, 7, 9, 10, 0.660042, 0.0
691, 7, 10, 1, 0.6569035, 0.0
692, 7, 10, 2, 0.6631800000000001, 0.0
693, 7, 10, 3, 0.6370290000000001, 0.0
694, 7, 10, 4, 0.6558575, 0.0
695, 7, 10, 5, 0.6569035000000001, 0.0
696, 7, 10, 6, 0.6631800000000001, 0.0
697, 7, 10, 7, 0.6569035, 0.0
698, 7, 10, 8, 0.671548, 0.0
699, 7, 10, 9, 0.658996, 0.0
700, 7, 10, 10, 0.662134, 0.0
701, 8, 1, 1, 0.7012579999999999, 0.0
702, 8, 1, 2, 0.7044025, 0.0
703, 8, 1, 3, 0.691824, 0.0
704, 8, 1, 4, 0.687631, 0.0
705, 8, 1, 5, 0.6886795, 0.0
706, 8, 1, 6, 0.698113, 0.0
707, 8, 1, 7, 0.698113, 0.0
708, 8, 1, 8, 0.683438, 0.0
709, 8, 1, 9, 0.697065, 0.0
710, 8, 1, 10, 0.702306, 0.0
711, 8, 2, 1, 0.7002094999999999, 0.0
712, 8, 2, 2, 0.696017, 0.0
713, 8, 2, 3, 0.6949685, 0.0
714, 8, 2, 4, 0.6949685, 0.0
715, 8, 2, 5, 0.7096435, 0.0
716, 8, 2, 6, 0.68239, 0.0
717, 8, 2, 7, 0.7127885, 0.0
718, 8, 2, 8, 0.705451, 0.0
719, 8, 2, 9, 0.6844859999999999, 0.0
720, 8, 2, 10, 0.6855344999999999, 0.0
721, 8, 3, 1, 0.696017, 0.0
722, 8, 3, 2, 0.7033545, 0.0
723, 8, 3, 3, 0.696017, 0.0
724, 8, 3, 4, 0.702306, 0.0
725, 8, 3, 5, 0.691824, 0.0
726, 8, 3, 6, 0.6928719999999999, 0.0
727, 8, 3, 7, 0.698113, 0.0
728, 8, 3, 8, 0.6886795, 0.0
729, 8, 3, 9, 0.7002094999999999, 0.0
730, 8, 3, 10, 0.6991615, 0.0
731, 8, 4, 1, 0.6834385000000001, 0.0
732, 8, 4, 2, 0.7044025, 0.0
733, 8, 4, 3, 0.6865829999999999, 0.0
734, 8, 4, 4, 0.702306, 0.0
735, 8, 4, 5, 0.708595, 0.0
736, 8, 4, 6, 0.702306, 0.0
737, 8, 4, 7, 0.6907755, 0.0
738, 8, 4, 8, 0.6855344999999999, 0.0
739, 8, 4, 9, 0.6960165, 0.0
740, 8, 4, 10, 0.6991615, 0.0
741, 8, 5, 1, 0.6802935, 0.0
742, 8, 5, 2, 0.6949685, 0.0
743, 8, 5, 3, 0.672956, 0.0
744, 8, 5, 4, 0.6771484999999999, 0.0
745, 8, 5, 5, 0.6897275, 0.0
746, 8, 5, 6, 0.698113, 0.0
747, 8, 5, 7, 0.6928719999999999, 0.0
748, 8, 5, 8, 0.6907755, 0.0
749, 8, 5, 9, 0.6928719999999999, 0.0
750, 8, 5, 10, 0.6918234999999999, 0.0
751, 8, 6, 1, 0.6918234999999999, 0.0
752, 8, 6, 2, 0.6907760000000001, 0.0
753, 8, 6, 3, 0.6897275, 0.0
754, 8, 6, 4, 0.688679, 0.0
755, 8, 6, 5, 0.7023065, 0.0
756, 8, 6, 6, 0.6897275, 0.0
757, 8, 6, 7, 0.6781969999999999, 0.0
758, 8, 6, 8, 0.6802935, 0.0
759, 8, 6, 9, 0.689727, 0.0
760, 8, 6, 10, 0.702306, 0.0
761, 8, 7, 1, 0.6802935, 0.0
762, 8, 7, 2, 0.6928719999999999, 0.0
763, 8, 7, 3, 0.689727, 0.0
764, 8, 7, 4, 0.68239, 0.0
765, 8, 7, 5, 0.6939204999999999, 0.0
766, 8, 7, 6, 0.7054505, 0.0
767, 8, 7, 7, 0.6949685, 0.0
768, 8, 7, 8, 0.6897275, 0.0
769, 8, 7, 9, 0.6949685, 0.0
770, 8, 7, 10, 0.6928719999999999, 0.0
771, 8, 8, 1, 0.7044025, 0.0
772, 8, 8, 2, 0.6897275, 0.0
773, 8, 8, 3, 0.6855344999999999, 0.0
774, 8, 8, 4, 0.6886795, 0.0
775, 8, 8, 5, 0.6865829999999999, 0.0
776, 8, 8, 6, 0.6865825, 0.0
777, 8, 8, 7, 0.6949685, 0.0
778, 8, 8, 8, 0.6855344999999999, 0.0
779, 8, 8, 9, 0.6844865, 0.0
780, 8, 8, 10, 0.703354, 0.0
781, 8, 9, 1, 0.6918234999999999, 0.0
782, 8, 9, 2, 0.6855344999999999, 0.0
783, 8, 9, 3, 0.6855344999999999, 0.0
784, 8, 9, 4, 0.6928719999999999, 0.0
785, 8, 9, 5, 0.6928725, 0.0
786, 8, 9, 6, 0.7033545, 0.0
787, 8, 9, 7, 0.68239, 0.0
788, 8, 9, 8, 0.6897275, 0.0
789, 8, 9, 9, 0.6834385000000001, 0.0
790, 8, 9, 10, 0.69392, 0.0
791, 8, 10, 1, 0.6855344999999999, 0.0
792, 8, 10, 2, 0.6897275, 0.0
793, 8, 10, 3, 0.6855344999999999, 0.0
794, 8, 10, 4, 0.6813415, 0.0
795, 8, 10, 5, 0.6928719999999999, 0.0
796, 8, 10, 6, 0.681342, 0.0
797, 8, 10, 7, 0.697065, 0.0
798, 8, 10, 8, 0.6855344999999999, 0.0
799, 8, 10, 9, 0.6897275, 0.0
800, 8, 10, 10, 0.6928719999999999, 0.0
801, 9, 1, 1, 0.6823895, 0.0
802, 9, 1, 2, 0.679245, 0.0
803, 9, 1, 3, 0.6781969999999999, 0.0
804, 9, 1, 4, 0.683438, 0.0
805, 9, 1, 5, 0.6698115, 0.0
806, 9, 1, 6, 0.6761005, 0.0
807, 9, 1, 7, 0.6698109999999999, 0.0
808, 9, 1, 8, 0.68239, 0.0
809, 9, 1, 9, 0.658281, 0.0
810, 9, 1, 10, 0.6918234999999999, 0.0
811, 9, 2, 1, 0.6656185, 0.0
812, 9, 2, 2, 0.6792455, 0.0
813, 9, 2, 3, 0.6813415, 0.0
814, 9, 2, 4, 0.668763, 0.0
815, 9, 2, 5, 0.6509435, 0.0
816, 9, 2, 6, 0.6750525, 0.0
817, 9, 2, 7, 0.6698109999999999, 0.0
818, 9, 2, 8, 0.6656185, 0.0
819, 9, 2, 9, 0.662474, 0.0
820, 9, 2, 10, 0.6823895, 0.0
821, 9, 3, 1, 0.6614255, 0.0
822, 9, 3, 2, 0.674004, 0.0
823, 9, 3, 3, 0.679245, 0.0
824, 9, 3, 4, 0.662474, 0.0
825, 9, 3, 5, 0.663522, 0.0
826, 9, 3, 6, 0.6645705, 0.0
827, 9, 3, 7, 0.6761005, 0.0
828, 9, 3, 8, 0.68239, 0.0
829, 9, 3, 9, 0.6802935, 0.0
830, 9, 3, 10, 0.6771484999999999, 0.0
831, 9, 4, 1, 0.66457, 0.0
832, 9, 4, 2, 0.663522, 0.0
833, 9, 4, 3, 0.6771484999999999, 0.0
834, 9, 4, 4, 0.6740045, 0.0
835, 9, 4, 5, 0.6645705, 0.0
836, 9, 4, 6, 0.668763, 0.0
837, 9, 4, 7, 0.6698115, 0.0
838, 9, 4, 8, 0.672956, 0.0
839, 9, 4, 9, 0.6698115, 0.0
840, 9, 4, 10, 0.6781969999999999, 0.0
841, 9, 5, 1, 0.6698109999999999, 0.0
842, 9, 5, 2, 0.6844859999999999, 0.0
843, 9, 5, 3, 0.6761005, 0.0
844, 9, 5, 4, 0.6740045, 0.0
845, 9, 5, 5, 0.6750525, 0.0
846, 9, 5, 6, 0.6792455, 0.0
847, 9, 5, 7, 0.6708594999999999, 0.0
848, 9, 5, 8, 0.6897275, 0.0
849, 9, 5, 9, 0.691824, 0.0
850, 9, 5, 10, 0.674004, 0.0
851, 9, 6, 1, 0.6614255, 0.0
852, 9, 6, 2, 0.6614255, 0.0
853, 9, 6, 3, 0.688679, 0.0
854, 9, 6, 4, 0.6708594999999999, 0.0
855, 9, 6, 5, 0.6677150000000001, 0.0
856, 9, 6, 6, 0.683438, 0.0
857, 9, 6, 7, 0.677149, 0.0
858, 9, 6, 8, 0.6708594999999999, 0.0
859, 9, 6, 9, 0.6792455, 0.0
860, 9, 6, 10, 0.6813415, 0.0
861, 9, 7, 1, 0.6771484999999999, 0.0
862, 9, 7, 2, 0.672956, 0.0
863, 9, 7, 3, 0.6802935, 0.0
864, 9, 7, 4, 0.672956, 0.0
865, 9, 7, 5, 0.6656185, 0.0
866, 9, 7, 6, 0.6645705, 0.0
867, 9, 7, 7, 0.6645705, 0.0
868, 9, 7, 8, 0.671908, 0.0
869, 9, 7, 9, 0.668763, 0.0
870, 9, 7, 10, 0.6771484999999999, 0.0
871, 9, 8, 1, 0.6708594999999999, 0.0
872, 9, 8, 2, 0.6677145, 0.0
873, 9, 8, 3, 0.6823895, 0.0
874, 9, 8, 4, 0.6740045, 0.0
875, 9, 8, 5, 0.6666665, 0.0
876, 9, 8, 6, 0.6802935, 0.0
877, 9, 8, 7, 0.6603775000000001, 0.0
878, 9, 8, 8, 0.6614255, 0.0
879, 9, 8, 9, 0.6844865, 0.0
880, 9, 8, 10, 0.6761005, 0.0
881, 9, 9, 1, 0.6761005, 0.0
882, 9, 9, 2, 0.6813415, 0.0
883, 9, 9, 3, 0.6698109999999999, 0.0
884, 9, 9, 4, 0.6740045, 0.0
885, 9, 9, 5, 0.6708594999999999, 0.0
886, 9, 9, 6, 0.6750525, 0.0
887, 9, 9, 7, 0.6844865, 0.0
888, 9, 9, 8, 0.6677150000000001, 0.0
889, 9, 9, 9, 0.6792455, 0.0
890, 9, 9, 10, 0.6802935, 0.0
891, 9, 10, 1, 0.6561845, 0.0
892, 9, 10, 2, 0.66457, 0.0
893, 9, 10, 3, 0.6761005, 0.0
894, 9, 10, 4, 0.6708594999999999, 0.0
895, 9, 10, 5, 0.6614255, 0.0
896, 9, 10, 6, 0.6666665, 0.0
897, 9, 10, 7, 0.6624734999999999, 0.0
898, 9, 10, 8, 0.671908, 0.0
899, 9, 10, 9, 0.663522, 0.0
900, 9, 10, 10, 0.683438, 0.0
901, 10, 1, 1, 0.707368, 0.0
902, 10, 1, 2, 0.716842, 0.0
903, 10, 1, 3, 0.7178945, 0.0
904, 10, 1, 4, 0.7073685000000001, 0.0
905, 10, 1, 5, 0.7063155, 0.0
906, 10, 1, 6, 0.716842, 0.0
907, 10, 1, 7, 0.713684, 0.0
908, 10, 1, 8, 0.7157895000000001, 0.0
909, 10, 1, 9, 0.72, 0.0
910, 10, 1, 10, 0.7136845, 0.0
911, 10, 2, 1, 0.7242105000000001, 0.0
912, 10, 2, 3, 0.7063159999999999, 0.0
913, 10, 2, 4, 0.7189475, 0.0
914, 10, 2, 5, 0.7031575, 0.0
915, 10, 2, 6, 0.7094735000000001, 0.0
916, 10, 2, 7, 0.705263, 0.0
917, 10, 2, 8, 0.7126315, 0.0
918, 10, 2, 9, 0.707368, 0.0
919, 10, 2, 10, 0.7157895000000001, 0.0
920, 10, 3, 1, 0.710526, 0.0
921, 10, 3, 2, 0.710526, 0.0
922, 10, 3, 3, 0.7126315, 0.0
923, 10, 3, 4, 0.7073685000000001, 0.0
924, 10, 3, 5, 0.707368, 0.0
925, 10, 3, 6, 0.708421, 0.0
926, 10, 3, 7, 0.713684, 0.0
927, 10, 3, 8, 0.7157895000000001, 0.0
928, 10, 3, 9, 0.711579, 0.0
929, 10, 3, 10, 0.7, 0.0
930, 10, 4, 1, 0.7178945, 0.0
931, 10, 4, 2, 0.7178945, 0.0
932, 10, 4, 3, 0.7126315, 0.0
933, 10, 4, 4, 0.711579, 0.0
934, 10, 4, 5, 0.6947365000000001, 0.0
935, 10, 4, 6, 0.711579, 0.0
936, 10, 4, 7, 0.7105265000000001, 0.0
937, 10, 4, 8, 0.7094735, 0.0
938, 10, 4, 9, 0.7094735000000001, 0.0
939, 10, 4, 10, 0.723158, 0.0
940, 10, 5, 1, 0.708421, 0.0
941, 10, 5, 2, 0.7157895000000001, 0.0
942, 10, 5, 3, 0.711579, 0.0
943, 10, 5, 4, 0.717895, 0.0
944, 10, 5, 5, 0.72, 0.0
945, 10, 5, 6, 0.7126315000000001, 0.0
946, 10, 5, 7, 0.7126315, 0.0
947, 10, 5, 8, 0.7189475000000001, 0.0
948, 10, 5, 9, 0.711579, 0.0
949, 10, 5, 10, 0.7126319999999999, 0.0
950, 10, 6, 1, 0.711579, 0.0
951, 10, 6, 2, 0.707368, 0.0
952, 10, 6, 3, 0.7073685000000001, 0.0
953, 10, 6, 4, 0.7126315, 0.0
954, 10, 6, 5, 0.7126315000000001, 0.0
955, 10, 6, 6, 0.718947, 0.0
956, 10, 6, 7, 0.713684, 0.0
957, 10, 6, 8, 0.7042105000000001, 0.0
958, 10, 6, 9, 0.708421, 0.0
959, 10, 6, 10, 0.7136845, 0.0
960, 10, 7, 1, 0.718947, 0.0
961, 10, 7, 2, 0.7126315000000001, 0.0
962, 10, 7, 3, 0.72, 0.0
963, 10, 7, 4, 0.7063159999999999, 0.0
964, 10, 7, 5, 0.722105, 0.0
965, 10, 7, 6, 0.728421, 0.0
966, 10, 7, 7, 0.7178945, 0.0
967, 10, 7, 8, 0.7126315, 0.0
968, 10, 7, 9, 0.72, 0.0
969, 10, 7, 10, 0.711579, 0.0
970, 10, 8, 1, 0.7178945, 0.0
971, 10, 8, 2, 0.718947, 0.0
972, 10, 8, 3, 0.7210525, 0.0
973, 10, 8, 4, 0.7094739999999999, 0.0
974, 10, 8, 5, 0.711579, 0.0
975, 10, 8, 6, 0.723158, 0.0
976, 10, 8, 7, 0.7157895000000001, 0.0
977, 10, 8, 8, 0.7126315, 0.0
978, 10, 8, 9, 0.711579, 0.0
979, 10, 8, 10, 0.717895, 0.0
980, 10, 9, 1, 0.718947, 0.0
981, 10, 9, 2, 0.710526, 0.0
982, 10, 9, 3, 0.7242105, 0.0
983, 10, 9, 4, 0.7073685000000001, 0.0
984, 10, 9, 5, 0.7147365, 0.0
985, 10, 9, 6, 0.713684, 0.0
986, 10, 9, 7, 0.714737, 0.0
987, 10, 9, 8, 0.703158, 0.0
988, 10, 9, 9, 0.725263, 0.0
989, 10, 9, 10, 0.7210529999999999, 0.0
990, 10, 10, 1, 0.718947, 0.0
991, 10, 10, 2, 0.708421, 0.0
992, 10, 10, 3, 0.710526, 0.0
993, 10, 10, 4, 0.716842, 0.0
994, 10, 10, 5, 0.713684, 0.0
995, 10, 10, 6, 0.718947, 0.0
996, 10, 10, 7, 0.7126315, 0.0
997, 10, 10, 8, 0.7126315, 0.0
998, 10, 10, 9, 0.716842, 0.0
999, 10, 10, 10, 0.714737, 0.0
